0,1,2,3,4,5,6,7,8,9,10,11,12,13,14,15,16,17,18,19,20,21,22,23,24,25,26,27,28,29,30,31,32,33,34,35,36,37,38,39,40,41,42,43,44,45,46,47,48,49,50,51,52,53,54,55,56,57,58,59
1.000000000000001,-0.0349702213675458,0.46290387796841537,-0.13377543850343018,0.32512910094847636,0.07282842598240052,0.0438622672949712,-0.24562417010257206,-0.07765055554613852,-0.05730027579818287,-0.38066571861877985,0.012452591589260762,-0.2668315762265367,0.09437396428753766,0.04161351440373884,0.2301796986878025,-0.34237156195681706,-0.11332329786385198,-0.15966499606876003,-0.19471796443674272,-0.08967206686461843,0.03994231586833594,-0.023116134556284484,0.13421331232893308,0.08664936446431906,-0.06958710760206163,0.03565057427171379,0.41787771815514996,-0.27784008508491975,-0.2138426313198143,0.1242805899285053,0.39494565380465607,0.16850816927488035,-0.37472783335697735,0.23987876910017686,-0.1423815954925488,-0.22135500806406555,0.12082425135709397,-0.22358455737469246,-0.3561446606438142,-0.4662152825596042,0.17962530024889947,-0.45701687571880173,-0.30954185105464826,0.14878053195585728,-0.47802091724672013,0.3443123854840287,0.3655099283710832,-0.19420331186443654,0.31450346796917594,-0.4444830049987241,0.07665243760758292,0.06938722380743254,0.2996348871713308,-0.011517676088501877,-0.19366186606297608,-0.018556682755527784,-0.09252886591973349,-0.2931883461416117,-0.18993209447248777
-0.0349702213675458,1.0000000000000004,0.17385873421212694,-0.17989957267279383,0.07681299619750477,0.002951663697366269,-0.1456931470493164,0.19876385764504478,-0.02958629245213453,-0.3263732594048076,-0.13652548909575946,-0.05314703789677549,0.1650164227548232,0.15454884260507457,-0.3692191702512874,0.3211095289825048,0.04410456353186262,-0.21472291557875312,-0.2158133228124337,-0.301413114052942,-0.13140643126766688,0.6129135540376414,0.1422534499104242,0.49261518464370496,0.5434687072769826,-0.35463674927507927,-0.28574495052837795,0.1758353166817611,-0.2539720630216672,0.12230059352551187,0.3661451122759369,-0.27048897773930397,0.20713314360748641,-0.22808477405889266,-0.30028740879299465,-0.181452603820426,0.11585142161700507,-0.001044611255940039,-0.3552018789345678,-0.29525793744997675,-0.3452155378881069,0.05299497262348565,0.01751326099509183,-0.15386136349208723,-0.037684776687205275,-0.06626307339437965,-0.011629774906775553,0.048979219433691934,0.10057249800385437,0.07700145162023461,-0.21082559658151168,-0.08132767106273983,-0.055009900304591006,0.7392495660309033,0.1796972764774237,-0.2747925763239958,0.1530726008439056,0.3143983408273975,0.1480586641405844,0.07569720359616454
0.46290387796841537,0.17385873421212694,0.9999999999999998,-0.26559137807424515,0.34178426311675036,-0.10904068061276262,0.06432783083422955,-0.5285423357669974,-0.22051098091295046,0.009875170913580974,-0.3555642111091757,-0.2636329728096337,-0.48617113527972144,-0.0006799857292679179,-0.04169360437535023,0.0205669459774817,0.018848544503193176,-0.3405036196049281,-0.34497648662477,-0.0878202527623852,-0.0752755143172302,0.13517756535771674,-0.031798238717926586,0.2870859205656371,0.3122769282200447,-0.03753876882950299,-0.036041315360012795,0.936219466354466,-0.33916571771063353,-0.5057427412362812,0.29565892819261763,0.20106963420054652,0.11991777082313546,-0.22538170506592003,-0.04742875290034439,0.12692324759335655,-0.5350081116234127,-0.34797281306651895,-0.19531261014524992,-0.10321200026119928,-0.33616948590326967,-0.3147981948154128,-0.3196384751826976,-0.20672461807048342,0.21490718431829559,-0.3333505134411495,0.11119040465907042,0.0883150142920065,-0.40203633860464905,0.024017468096019467,-0.4700355767836726,0.02143913956981739,-0.013442468675627445,0.24863392108743188,-0.35912393306044094,0.0031496154823669985,-0.07122370862777652,-0.23925860603663934,-0.2901253008752336,-0.19341090043459175
-0.13377543850343018,-0.17989957267279383,-0.26559137807424515,1.0000000000000002,-0.18481051073508015,0.20100360091477537,0.5341283807949322,0.23726815016444203,0.14422075779528987,0.25885028270301,0.10276354023944458,0.3014813853461761,0.21385492217520538,-0.008344975583984629,0.26443129208935956,0.09146985700669225,-0.19455089831339187,0.5678503510110717,0.5212532930761175,0.33896459007244817,-0.34735404803413955,-0.18659403389188192,-0.11341090501378288,-0.21652203318146013,-0.294844243323814,0.1703724270462373,0.45424490250995975,-0.08862858530404735,-0.12582783692016458,0.19530170036265182,-0.30509123900543783,0.14283655179596533,-0.18633493624384445,0.059080206427640954,0.09635396604863891,-0.3365900099949421,0.194681144928297,0.1473305171616421,0.30218634433673064,-0.2298186193450734,-0.01673997375639681,0.14883216289729082,-0.17033225519953635,-0.2165277832940135,-0.4242347852216186,-0.1322938005267627,-0.08476645809098761,-0.11238208023495228,0.22161995729564143,-0.03438666003579448,0.021234095920957166,0.03990638568839972,0.1441930824678923,-0.19105879571889497,0.1485759687168946,-0.031179337535391684,-0.10624758223110699,6.336070300025018e-05,-0.06188153035160648,-0.18799043703788193
0.32512910094847636,0.07681299619750477,0.34178426311675036,-0.18481051073508015,1.0000000000000004,-0.014343654265841893,-0.009322980548250176,-0.20312666720468842,-0.043117093613903264,0.052095642930775864,-0.39254932568378065,-0.012023160458777875,-0.1788011122944147,0.07638811001756307,-0.18421543563251258,0.23554800549240457,-0.30005318917191276,-0.2672767824875359,-0.25740029688810884,-0.24474721758738277,0.09647590291536276,0.09682587434785996,0.009235514668843082,0.034054022040825374,0.14061883749097626,-0.20524713109283477,-0.1851179880598227,0.2843859290865719,-0.18109198047933275,-0.2694097291070251,0.15511762398744458,0.07494509570890581,0.11700887153055856,-0.36458964013055495,0.08212423613498496,0.23246329318733486,-0.15575407323489077,-0.13615751910569096,-0.35454963710515314,-0.13409481125928763,-0.33167772173240545,-0.08816803288106703,-0.31753666809137815,-0.09942285232806047,0.4670831623156031,-0.29409519544381774,0.14568843755783495,0.07178273906799394,-0.12225991160934961,0.14311235091109906,-0.2896007605180286,0.14861351564347552,0.0622640494448273,0.13121523331802315,0.09550386127765345,-0.21442385693456206,0.07012861665024867,-0.05656258401602328,-0.2527622515692017,-0.25167219234173815
0.07282842598240052,0.002951663697366269,-0.10904068061276262,0.20100360091477537,-0.014343654265841893,1.0000000000000009,0.4849415957898853,0.3347452679872282,0.27977321698255764,-0.2566539640769135,-0.07861119531626928,0.41855192866604257,0.313570713533046,0.08870279344109383,-0.11127400915163854,0.23254256864442124,-0.021255262149865478,0.12220480981031591,0.12891519262653894,-0.31164306001966585,-0.2892928650751168,0.032803588426594296,0.14891561669198672,0.0020975067634100147,-0.03205495008313825,-0.26717432422996124,-0.0547234958169473,-0.1958021503599538,-0.20066487633930052,0.29500651428661784,-0.017042588589332767,0.06724610027392305,0.05855558914172855,0.05259557445715802,-0.07619712500297394,-0.3016093462502015,0.2660028015782044,0.21048962023450296,-0.17230773571599217,-0.3151332119954592,-0.2973339490694105,0.21623469034444348,0.1669750776394201,-0.12597757654357888,-0.25777267084266137,-0.23023890345871412,0.20702515805420044,0.21205901050547182,0.22355258219192103,0.24173462577876945,-0.16156460002060619,-0.1641152490358886,-0.05159358688984544,-0.05150326643869417,0.19668286127142875,-0.21566205302983596,-0.043839612352613355,0.24322520171322176,0.18841153490387091,0.08985949308472227
0.0438622672949712,-0.1456931470493164,0.06432783083422955,0.5341283807949322,-0.009322980548250176,0.4849415957898853,0.9999999999999996,0.13099108816724186,0.19413027184359227,-0.012788690216061244,0.02802837779185765,0.2905985252962847,0.14409113882436222,-0.017182691317941784,0.14290628718179682,0.12745893241451509,-0.221073506772053,0.2912393619362884,0.294690809467715,0.1854162232391976,-0.37166257645230893,-0.11670080903307213,0.03199918098907923,-0.12417028406558946,-0.11815308525552891,0.07916729060697329,0.34609384367319784,-0.07510543486565777,-0.281897518130498,0.15792086628227597,-0.10943667518448111,0.2353099180596886,-0.10599632571834658,-0.07600222762430756,0.043345143462497876,-0.2335811372509018,0.10341229435492057,0.04568323983372807,0.12610891087061524,-0.19175207842768918,-0.18190175205354026,0.03683481845105002,-0.18970746841063763,-0.24250125521727928,-0.3542678830255177,-0.2925087034965873,0.12287045077256123,0.12195063037509225,0.08954162199652474,0.16928757756873236,-0.2569510917381982,-0.02444625491156738,0.03384825105127076,-0.1753985105434913,0.041572191646915044,-0.07623297224145631,-0.06748364085419749,0.0669418147932344,-0.09427053027707159,-0.1591287969327369
-0.24562417010257206,0.19876385764504478,-0.5285423357669974,0.23726815016444203,-0.20312666720468842,0.3347452679872282,0.13099108816724186,1.0000000000000004,0.3178621543703267,-0.47416408377245267,0.3090413242383153,0.41613782191466364,0.869093774725586,0.22390597055065087,-0.17717185068733393,0.1523791181389943,-0.2345091977258738,0.24601491538065018,0.23916850509852638,-0.2335466659223741,-0.20847176281910806,0.1699740683284545,0.16289534821996549,0.08906406056235952,-0.2146553850327604,-0.24838010680938652,-0.08995564749229917,-0.5039617104316543,0.09034946808489543,0.8179155062853887,-0.21447200333735242,-0.11455630624382832,0.09672978587668213,-0.2951944952441681,-0.11853374321890921,-0.4459150286972974,0.7896906624761866,0.5701123333152331,-0.1515731081486683,-0.3563409558702212,-0.07213348710745539,0.6287791588506224,0.08721813210166124,-0.13089139359058882,-0.3618064750905235,0.04921381462030944,0.33107534686788687,0.3638663050420454,0.6634097109841474,0.2711308575948458,0.16437264772878746,-0.2926246801107665,-0.27712833050393215,0.008550514889928307,0.6063320060977088,-0.5498161233508578,0.1996811963255471,0.5740696725043151,0.25191070165049484,0.21694983212986269
-0.07765055554613852,-0.02958629245213453,-0.22051098091295046,0.14422075779528987,-0.043117093613903264,0.27977321698255764,0.19413027184359227,0.3178621543703267,0.9999999999999989,-0.15368656504228295,-0.006528195736222545,0.4207845239478473,0.2703981098704038,0.09332055602232829,-0.08296559441526002,0.1430930745555904,-0.09085115572763183,0.10101254094989266,0.09644001225023478,-0.162998496338686,-0.12326628687267374,-0.026374938805651865,0.011125575371893563,-0.06058131471040823,-0.1478210791875638,-0.1557507529447889,-0.020963550428293017,-0.2467736953674644,0.08154724855961665,0.2929646422010519,-0.14487847780448973,-0.024322857293352745,0.31607210730288315,-0.11961932897613556,-0.009380847306317507,-0.22568448043403722,0.2689692064251354,0.13940560197209026,-0.11700533553750739,-0.18948517405522092,-0.050262493372838064,0.16746864946740686,-0.01110028567393205,-0.0719635776426901,-0.1874207122731498,0.021057420861277727,0.09319556265728979,0.10230028444568988,0.2400933939438763,0.12409139798160218,0.07215585711177887,-0.11793332499165896,-0.09644147937501923,-0.08795237491514704,0.2017137667392142,-0.1955043219522253,0.09275037008710518,0.14571732128623632,0.02956659840238565,0.025310464090001757
-0.05730027579818287,-0.3263732594048076,0.009875170913580974,0.25885028270301,0.052095642930775864,-0.2566539640769135,-0.012788690216061244,-0.47416408377245267,-0.15368656504228295,1.0000000000000002,-0.1217322422526659,-0.15641594388653324,-0.42259095075708786,-0.16464059437929113,0.07244069280208984,-0.21894295847354325,0.21166029400424052,-0.07993320017648772,-0.08240641106482467,0.2368622786975382,0.7072554905293145,-0.3697264513646827,-0.15293455384282062,-0.20292087791515612,-0.08368926339921741,0.14222926526098514,0.10891728518187663,0.10956355323135551,0.39598775310810796,-0.41358291567359884,-0.13125466580572126,-0.14613868071394429,-0.2708315488009542,0.2027717344910585,0.061254415091857695,0.23653104814217513,-0.3726962391302403,-0.3905554225565897,0.12383057533652457,0.39668798379861236,0.2327618607817329,-0.4092004726448246,-0.016906704539469606,0.3501637534501759,0.424023534826798,0.09433948961873848,-0.3952993866684148,-0.4059515619105057,-0.3343626734440788,-0.3049056721858062,0.17155572094950808,-0.01495436868570943,-0.007840418944324506,-0.28615387628453365,-0.37038629646998644,0.22324213838479423,-0.1428975342014261,-0.4525528309110852,-0.24264347074415685,-0.19007596812169197
-0.38066571861877985,-0.13652548909575946,-0.3555642111091757,0.10276354023944458,-0.39254932568378065,-0.07861119531626928,0.02802837779185765,0.3090413242383153,-0.006528195736222545,-0.1217322422526659,0.9999999999999989,0.031815545725239966,0.23627809484316742,-0.1320444746706142,0.0867304262059217,-0.20936105298703023,0.0029698327514196543,0.12127667332746758,0.09126218278090567,0.45479467701100446,-0.05094454574817447,-0.3231982012166731,-0.1587451349425626,-0.10506105248232833,-0.33473121018109286,0.18740829855353758,0.03188383441666499,-0.3445111803378493,0.18276208188308712,0.22669103001991223,-0.4510460555657463,-0.27778233635010663,-0.10232827732594785,0.12111115293121813,-0.053896801553321494,0.09596690591869882,0.25321617498015137,0.11484207898889273,0.6892083536590473,0.2689032166344174,0.4963566320504829,0.12898671831286118,0.21658978291987735,-0.09127406692966632,-0.20139878907906114,0.21797567765114095,-0.1600212908099178,-0.06139366713690162,0.1483972669903048,-0.07317735120361252,0.166511088275836,-0.24807010902995916,0.007036202518568749,-0.24238779160961232,0.015998686419140047,0.18590513985841411,-0.04716518675333798,0.1182044026336618,0.1875356851361672,0.2058858739790597
0.012452591589260762,-0.05314703789677549,-0.2636329728096337,0.3014813853461761,-0.012023160458777875,0.41855192866604257,0.2905985252962847,0.41613782191466364,0.4207845239478473,-0.15641594388653324,0.031815545725239966,0.9999999999999993,0.3820005678214212,-0.005104881651728052,0.0025162470434570506,0.21031322073318698,-0.2027455391229567,0.23328673029731817,0.23238214028461024,-0.15368435756013868,-0.191493523906372,-0.05079278329897377,0.03411112870618091,-0.0663016257336225,-0.19304796171558236,-0.11339832979093625,0.04133936761566615,-0.2586349126494634,0.03243410197844751,0.35658656538534,-0.19299615382492485,0.009711378945344617,0.0267292170966081,-0.17325717214965655,0.03961200953006583,-0.313259549510477,0.3840552259439406,0.31497670202210143,-0.059585146516239695,-0.2920350200394707,-0.12282588817809736,0.3275509617162389,-0.09232826540418389,-0.13458223928655383,-0.2332046616288846,-0.06716202336481143,0.1216292777041296,0.11097936959450314,0.3489549578541761,0.15495210508611995,0.04681654198501439,-0.1595445122864393,-0.03444532205710675,-0.062232512659486566,0.3408669521071304,-0.27664552586386537,0.03931947949258244,0.12183771987846297,-0.006770043064192988,-0.05459337000018352
-0.2668315762265367,0.1650164227548232,-0.48617113527972144,0.21385492217520538,-0.1788011122944147,0.313570713533046,0.14409113882436222,0.869093774725586,0.2703981098704038,-0.42259095075708786,0.23627809484316742,0.3820005678214212,0.9999999999999996,0.1868053214343511,-0.19693996991445983,0.07860214818157682,-0.24143807128159162,0.18193925656616267,0.39873851465147087,-0.24430292212002389,-0.18557724445054788,0.17667757673187004,0.22142190097527215,0.1888869359250248,-0.13400806275943059,-0.26581565254580025,-0.13363479379575055,-0.4761342046305813,0.08143990542766281,0.7964183282248651,-0.11354699849342506,-0.02820490279251664,0.09922260605639147,-0.32196631237491846,-0.12346867171288957,-0.4076325554808261,0.8383916937884048,0.649311655551809,-0.1880596741454517,-0.28842809497971833,-0.09414562284386196,0.5345106321571624,0.03638591695703241,-0.06467867066537226,-0.3437369280674999,0.0007358368497402418,0.40545604342485275,0.30828718328369675,0.6305894234398899,0.3377624571722736,0.11855960586391415,-0.31688118619833977,-0.31324963414242235,-0.028863291508190447,0.5835350350470218,-0.5550194790613983,0.13820745152825198,0.4817800831696449,0.16401802587632833,0.13010745994526876
0.09437396428753766,0.15454884260507457,-0.0006799857292679179,-0.008344975583984629,0.07638811001756307,0.08870279344109383,-0.017182691317941784,0.22390597055065087,0.09332055602232829,-0.16464059437929113,-0.1320444746706142,-0.005104881651728052,0.1868053214343511,1.0,-0.13536975005213173,0.10428770168111723,-0.11971065565525688,-0.06916901322967241,-0.06584472752982465,-0.22575973886113446,-0.07532948108637638,0.15742791123532424,0.10205849646399041,0.1114323208821303,0.06501084994242393,-0.17380087261099178,-0.08371465382482754,-0.0023525931702468444,-0.10767816061528179,0.17055459646317286,0.07791566619081076,-0.03748418548347767,0.091162191223913,-0.2430375151681768,-0.06229159640625866,-0.17640612457590552,0.1632748588813196,0.16533422469377695,-0.262856629296739,-0.23759413174144012,-0.24451671174743494,0.18910061169821962,-0.08975825950102997,-0.06927895530344029,-0.03251720101040681,-0.11128681156404388,0.1468668909575193,0.168794231850941,0.11321125437590981,0.10604813403177665,-0.08985159460097687,-0.10008183983820859,-0.1084274983055564,0.14240015029464514,0.18826919853446325,-0.31929811225591664,0.07692231122501299,0.11408245522315495,-0.05786420872979517,-0.06312603996418349
0.04161351440373884,-0.3692191702512874,-0.04169360437535023,0.26443129208935956,-0.18421543563251258,-0.11127400915163854,0.14290628718179682,-0.17717185068733393,-0.08296559441526002,0.07244069280208984,0.0867304262059217,0.0025162470434570506,-0.19693996991445983,-0.13536975005213173,0.9999999999999998,-0.3422237634519839,-0.22179498083233629,0.5746600832713833,0.4850902676045134,0.4212482439152767,-0.21271125739056806,-0.3110201365236802,-0.2324886693197227,-0.35148897858466244,-0.3011383131606046,0.8463415180098635,0.7889105235197766,0.0009248628675994578,-0.062183089230609404,-0.12622827922923646,-0.28499320204971906,0.362851215741594,-0.22183257455331448,0.16472498255147394,0.26305007104086386,-0.10712200565640478,-0.17610203030267826,-0.013022876968442683,0.5277486541274882,-0.029041035968486756,0.07907507168468941,-0.019171742074418872,-0.3008870541397195,-0.22780712519199825,-0.2527609073875454,-0.21557973211492393,-0.144726116161275,-0.1413534684071137,-0.09067283354427876,-0.23768712123972505,-0.08489460413435988,0.13011946378527056,0.23632243502061734,-0.19182481618194486,-0.0918874689955182,0.23518783180938563,-0.2398377646073278,-0.2867575670990571,-0.2697932799974659,-0.1705238248682662
0.2301796986878025,0.3211095289825048,0.0205669459774817,0.09146985700669225,0.23554800549240457,0.23254256864442124,0.12745893241451509,0.1523791181389943,0.1430930745555904,-0.21894295847354325,-0.20936105298703023,0.21031322073318698,0.07860214818157682,0.10428770168111723,-0.3422237634519839,0.9999999999999998,-0.08309276071779598,-0.09729789812022602,-0.1447335731897357,-0.3126928817774478,-0.24815375040404855,0.2782839204177553,0.09962345130945716,0.04838810454169172,0.1667032759766484,-0.4148533195811848,-0.21550750355232345,0.023801824744905952,-0.2949735717138207,0.12502279157314952,0.15805145621117409,-0.09420597230379031,0.16959001738924667,-0.1888719263870638,-0.18511295824547416,-0.14249324390293175,0.11689763947133916,0.057789417554109795,-0.3077686688677015,-0.3203743409561296,-0.3319057699007335,0.09133356475145174,-0.03524685471565536,-0.15105522909624777,-0.05143215891886584,-0.13000105266247086,0.05569184445625204,0.10126756784344174,0.1492128464803182,0.06596076187378287,-0.18484557649670047,0.31834303571313605,0.2406579891404751,0.24706734116177814,0.15091835156210656,-0.024581740285321972,0.048762668056060825,0.24758782972548715,0.09767086670359729,-0.05771029355280977
-0.34237156195681706,0.04410456353186262,0.018848544503193176,-0.19455089831339187,-0.30005318917191276,-0.021255262149865478,-0.221073506772053,-0.2345091977258738,-0.09085115572763183,0.21166029400424052,0.0029698327514196543,-0.2027455391229567,-0.24143807128159162,-0.11971065565525688,-0.22179498083233629,-0.08309276071779598,1.0,-0.33456084780208073,-0.3443216806027213,-0.12340320283551258,0.2619728546572955,-0.0007821037468336775,-0.016120427937750082,0.029694607850241764,0.11754367798264118,-0.159278400046666,-0.22285585175187678,0.027438418053553484,0.20345925178143545,-0.21354972277962642,0.09298315574908518,-0.36124615150090233,-0.11124617062045604,0.447140125371996,-0.4130913332715094,0.30084919492425044,-0.23060973816889385,-0.4408044240232781,-0.08562098339045941,0.37092813592853424,0.26705748371856913,-0.46058610271343925,0.5440762760706308,0.33018740650373213,0.19599473886931443,0.3546470383044261,-0.2885450447596144,-0.31962849821821965,-0.1337974390338577,-0.4259271611333483,0.20683460110472784,0.0169935752674731,-0.12291027331546733,-0.1957592472594541,-0.45795027480050987,0.3894459015850279,-0.17983478911524114,-0.14786726853479065,0.22448286721102412,0.27672595644194387
-0.11332329786385198,-0.21472291557875312,-0.3405036196049281,0.5678503510110717,-0.2672767824875359,0.12220480981031591,0.2912393619362884,0.24601491538065018,0.10101254094989266,-0.07993320017648772,0.12127667332746758,0.23328673029731817,0.18193925656616267,-0.06916901322967241,0.5746600832713833,-0.09729789812022602,-0.33456084780208073,0.9999999999999998,0.8845869042336947,0.4069974689908511,-0.3994763281356328,-0.1708230175970718,-0.2198592624519925,-0.2565136484173157,-0.39865207792122237,0.42472848376220884,0.6377170013012219,-0.24871746373343512,-0.13676787675649646,0.24013983189874533,-0.3776597255858632,0.42832248139877,-0.15442639736953964,0.2331320766060072,0.2742967933178334,-0.44560714239787136,0.1661071476437998,0.18595478028121318,0.580091474851456,-0.3073636606293454,-0.032077164904945096,0.23512452304969006,-0.2546097951473905,-0.3361270830867008,-0.5021426456035257,-0.215144018065073,-0.0991162125426353,-0.1047629247992703,0.22188830810574006,-0.02715340669655899,-0.013642774638705751,0.2412473898671118,0.31140073185426287,-0.1482077650354301,0.2635753836828179,0.0912550286542832,-0.10627990401044711,0.015195460395271705,-0.07834683643957355,-0.16705812426494657
-0.15966499606876003,-0.2158133228124337,-0.34497648662477,0.5212532930761175,-0.25740029688810884,0.12891519262653894,0.294690809467715,0.23916850509852638,0.09644001225023478,-0.08240641106482467,0.09126218278090567,0.23238214028461024,0.39873851465147087,-0.06584472752982465,0.4850902676045134,-0.1447335731897357,-0.3443216806027213,0.8845869042336947,1.0000000000000004,0.340062165456916,-0.3695895975930804,-0.13089198285445203,-0.12408146550978665,-0.13762334452540137,-0.3217176585462385,0.34678753667048234,0.5393081999569931,-0.2710462581767932,-0.1195845287736041,0.31811287030406643,-0.2777942857906963,0.45933370431216336,-0.13328848960712134,0.15574407900832613,0.2281042948346976,-0.4237884937819867,0.2989887665148543,0.31989940457453825,0.4870335130787873,-0.2545887441203243,-0.05350380734763387,0.20048742509521722,-0.2657886994550698,-0.2529719210510747,-0.4984008837993542,-0.2364368013242131,0.015637919458014772,-0.11225583521287308,0.250586708139116,0.0683532346184089,-0.02691256758988969,0.1597228024314256,0.21282674106685665,-0.18144216804893576,0.29441666996455096,0.014880748927380436,-0.13014644272430023,0.007402478683226479,-0.11681740281943324,-0.20419348511660707
-0.19471796443674272,-0.301413114052942,-0.0878202527623852,0.33896459007244817,-0.24474721758738277,-0.31164306001966585,0.1854162232391976,-0.2335466659223741,-0.162998496338686,0.2368622786975382,0.45479467701100446,-0.15368435756013868,-0.24430292212002389,-0.22575973886113446,0.4212482439152767,-0.3126928817774478,-0.12340320283551258,0.4069974689908511,0.340062165456916,1.0,-0.10778048108714813,-0.397727912925678,-0.3372472975058779,-0.2623556258173917,-0.3157857419011595,0.621105887673891,0.49138507384454155,-0.034447377462675045,0.017112801100105032,-0.21650147385323498,-0.3878747777439054,0.08016070841630268,-0.1852368120115414,0.32664158321904185,0.19579188867766792,0.01664347078780167,-0.18707538820552572,-0.14005893001013647,0.7415080568082689,0.13781375543892457,0.25234151619120815,-0.11329577219358433,-0.06096613536515946,-0.2223685574813924,-0.1937422321640443,-0.01198083602239308,-0.3546675751747942,-0.3004585399520638,-0.1723209470367849,-0.18927750625740292,-0.026868985109639282,0.17609866700504526,0.33055676510587234,-0.17789959083103316,-0.10191005913025428,0.3911342251526393,-0.12545763358093376,-0.25566159047779186,-0.12292251957324928,-0.10876147975859521
-0.08967206686461843,-0.13140643126766688,-0.0752755143172302,-0.34735404803413955,0.09647590291536276,-0.2892928650751168,-0.37166257645230893,-0.20847176281910806,-0.12326628687267374,0.7072554905293145,-0.05094454574817447,-0.191493523906372,-0.18557724445054788,-0.07532948108637638,-0.21271125739056806,-0.24815375040404855,0.2619728546572955,-0.3994763281356328,-0.3695895975930804,-0.10778048108714813,1.0,-0.20134377894107897,-0.0027200348438348038,-0.006230863477791202,0.020279063542119224,-0.09390367597954372,-0.2863600727750176,-0.08540140177656798,0.6200416277528462,-0.2037030517225279,-0.033007119108085396,-0.3472094152923626,-0.10442777045928543,0.022505741519349778,-0.06386343081720493,0.2955494427277504,-0.1554799478686519,-0.25912944773575414,-0.17070731416396762,0.4459593148782114,0.24816785151704268,-0.24827141789169385,0.16163681270806204,0.5040264816010471,0.6488039184124708,0.24400053999966365,-0.21089877899408954,-0.1858107638182025,-0.19633637606108884,-0.18017799444758748,0.273428917973804,-0.21396821127932142,-0.26783536079694936,-0.17561447208316563,-0.21673152514954885,-0.020758524998542013,0.021024702456841852,-0.22831139060625932,-0.10730655895643333,0.04261266659488615
0.03994231586833594,0.6129135540376414,0.13517756535771674,-0.18659403389188192,0.09682587434785996,0.032803588426594296,-0.11670080903307213,0.1699740683284545,-0.026374938805651865,-0.3697264513646827,-0.3231982012166731,-0.05079278329897377,0.17667757673187004,0.15742791123532424,-0.3110201365236802,0.2782839204177553,-0.0007821037468336775,-0.1708230175970718,-0.13089198285445203,-0.397727912925678,-0.20134377894107897,1.0000000000000002,0.08848680703438663,0.46547842661824956,0.2934607343570654,-0.32948267269931897,-0.2782057523595962,0.12377056042594559,-0.23916059418255725,0.15842399880520489,0.5582119745340028,-0.08447779068068342,0.12479646677722625,-0.12790709091577535,-0.2527180897071963,-0.23692337796857302,0.10375131333256075,0.10645886269855323,-0.45664778073918266,-0.30627674947367484,-0.3678656159529142,0.13820142417236395,0.08585664029845905,-0.16632419025353595,-0.13655764029182849,-0.05602814430419009,0.12938651622415004,0.08136092398213798,0.07191237640461516,0.23947315925526588,-0.19153235404091923,0.16187160426686886,-0.12952737732558145,0.5083953603312832,0.10624743037590265,-0.20185960518789473,0.05172608526259932,0.2921525905214202,0.1774493131146631,0.0999931712495053
-0.023116134556284484,0.1422534499104242,-0.031798238717926586,-0.11341090501378288,0.009235514668843082,0.14891561669198672,0.03199918098907923,0.16289534821996549,0.011125575371893563,-0.15293455384282062,-0.1587451349425626,0.03411112870618091,0.22142190097527215,0.10205849646399041,-0.2324886693197227,0.09962345130945716,-0.016120427937750082,-0.2198592624519925,-0.12408146550978665,-0.3372472975058779,-0.0027200348438348038,0.08848680703438663,0.9999999999999996,-0.019595219061998945,0.7707296816980709,-0.3056564289136749,-0.1948760338912472,-0.08908318241112123,-0.16520202573466958,0.1906349654769058,0.738996809285701,-0.14710582483885012,0.05286447557691419,-0.2777274085079292,-0.213223577028345,0.09166611984268971,0.17870876701505425,0.17379597015585468,-0.361987098188856,0.03591893804028599,-0.3080037858528809,0.09959883804620566,-0.052636794269448096,0.27971584773548214,0.02899963700484571,-0.16461124937513405,0.09962321611017803,0.1388454574039682,0.13983035966924975,-0.06748505412440181,-0.2090638560311453,-0.16634691937809776,-0.15976551707601377,0.08144761401603388,0.06991874337939,-0.2916093024594728,-0.020744839487518835,0.09756273474182747,-0.08854379110078141,-0.00251394140566835
0.13421331232893308,0.49261518464370496,0.2870859205656371,-0.21652203318146013,0.034054022040825374,0.0020975067634100147,-0.12417028406558946,0.08906406056235952,-0.06058131471040823,-0.20292087791515612,-0.10506105248232833,-0.0663016257336225,0.1888869359250248,0.1114323208821303,-0.35148897858466244,0.04838810454169172,0.029694607850241764,-0.2565136484173157,-0.13762334452540137,-0.2623556258173917,-0.006230863477791202,0.46547842661824956,-0.019595219061998945,1.0000000000000007,0.21391797021836986,-0.3434017826707454,-0.3345611457709038,0.2678915410408467,-0.20795439389469306,0.16344440896507373,0.22531064428604097,-0.08685753646000459,0.25382227431862103,-0.2320543822772967,-0.25073397003603026,-0.20862426929470568,0.09452096894767101,0.06095358987593912,-0.2996795888114772,-0.2726028561807661,-0.28279818349350705,0.045825998923351166,-0.018793824022949823,-0.21155167065117253,0.0877570338199065,-0.07751991833747002,0.1737276722529645,0.13650197052832513,0.043510812020570916,0.46875138873373656,-0.21034326762307093,-0.1637338129501436,-0.24381559273890524,0.36210027777959125,0.07107252934456976,-0.2856462173787797,0.14325318105196372,0.14985034103294342,0.06660994007045318,0.006147624929354391
0.08664936446431906,0.5434687072769826,0.3122769282200447,-0.294844243323814,0.14061883749097626,-0.03205495008313825,-0.11815308525552891,-0.2146553850327604,-0.1478210791875638,-0.08368926339921741,-0.33473121018109286,-0.19304796171558236,-0.13400806275943059,0.06501084994242393,-0.3011383131606046,0.1667032759766484,0.11754367798264118,-0.39865207792122237,-0.3217176585462385,-0.3157857419011595,0.020279063542119224,0.2934607343570654,0.7707296816980709,0.21391797021836986,1.0000000000000007,-0.31482254048178093,-0.2627039767773296,0.25504062978020314,-0.31408269578290293,-0.1500754242506627,0.8707223099828942,-0.20260458756188174,0.11484942810789166,-0.19843064448864453,-0.27377921578939446,0.17569864681821384,-0.16353796105819438,-0.13009349089389022,-0.39970704349074004,0.014656192421168493,-0.39661989962057376,-0.18105679415357473,-0.06857006948332874,0.1798284081355177,0.1839961965677092,-0.18884888354855917,-0.07264378340366315,-0.027803054335498394,-0.1376116881449239,-0.12954638263956436,-0.3547966613933027,-0.044897845129075284,-0.030850743687155145,0.44709708479359556,-0.12346511530802345,-0.12368829229443634,-0.0202608939803724,-0.009909814664716958,-0.10158104788039848,-0.058974669402783994
-0.06958710760206163,-0.35463674927507927,-0.03753876882950299,0.1703724270462373,-0.20524713109283477,-0.26717432422996124,0.07916729060697329,-0.24838010680938652,-0.1557507529447889,0.14222926526098514,0.18740829855353758,-0.11339832979093625,-0.26581565254580025,-0.17380087261099178,0.8463415180098635,-0.4148533195811848,-0.159278400046666,0.42472848376220884,0.34678753667048234,0.621105887673891,-0.09390367597954372,-0.32948267269931897,-0.3056564289136749,-0.3434017826707454,-0.31482254048178093,1.0000000000000007,0.6969347807344901,-0.01111117857613985,0.0339594439752341,-0.21298834744325518,-0.31702131297825387,0.2219009347174632,-0.21349231598350316,0.26855205851902736,0.17482017860840302,-0.0338766402608532,-0.20263755365168057,-0.09094486383149587,0.5572579697759356,0.05156583831014011,0.1654353229123116,-0.10611599675676922,-0.14437846840530108,-0.21065668679650387,-0.16216396416128903,-0.06720351930218865,-0.24372832740718295,-0.22480850465081287,-0.17909800618512706,-0.2746986807170545,-0.04567731032293369,0.12187225263629664,0.23224691182323265,-0.19222082470504614,-0.1054267128643153,0.31272795584101365,-0.19124840899924883,-0.3041540816456706,-0.20166677957913748,-0.09076757191079816
0.03565057427171379,-0.28574495052837795,-0.036041315360012795,0.45424490250995975,-0.1851179880598227,-0.0547234958169473,0.34609384367319784,-0.08995564749229917,-0.020963550428293017,0.10891728518187663,0.03188383441666499,0.04133936761566615,-0.13363479379575055,-0.08371465382482754,0.7889105235197766,-0.21550750355232345,-0.22285585175187678,0.6377170013012219,0.5393081999569931,0.49138507384454155,-0.2863600727750176,-0.2782057523595962,-0.1948760338912472,-0.3345611457709038,-0.2627039767773296,0.6969347807344901,1.0000000000000009,0.01084938678062881,-0.1281890608945369,-0.024754331671135024,-0.2732086920686358,0.37912916253817275,-0.198672129663853,0.03806788264594698,0.2931341098942794,-0.14521311346940263,-0.16455519293802415,-0.051296395723873275,0.4809170873792238,-0.06707389069747785,0.0038158044472268587,-0.01856735672459922,-0.43510274697673595,-0.25214085955033205,-0.3189559699187242,-0.32048341423362536,-0.13997321603579613,-0.14550315154678406,-0.008081136483161687,-0.2377855518435657,-0.10867071177819242,0.17723574274514065,0.2091436475971527,-0.17032745131276192,-0.07061177173792145,0.14805553385361048,-0.17222330393786928,-0.23207218605119367,-0.3237479976143767,-0.2510551040000918
0.41787771815514996,0.1758353166817611,0.936219466354466,-0.08862858530404735,0.2843859290865719,-0.1958021503599538,-0.07510543486565777,-0.5039617104316543,-0.2467736953674644,0.10956355323135551,-0.3445111803378493,-0.2586349126494634,-0.4761342046305813,-0.0023525931702468444,0.0009248628675994578,0.023801824744905952,0.027438418053553484,-0.24871746373343512,-0.2710462581767932,-0.034447377462675045,-0.08540140177656798,0.12377056042594559,-0.08908318241112123,0.2678915410408467,0.25504062978020314,-0.01111117857613985,0.01084938678062881,0.9999999999999996,-0.3033765455448455,-0.5121662286289017,0.2310393230997867,0.18783491523881016,0.09539887558940557,-0.196845865461523,-0.028173219623002354,0.0830673865377291,-0.5247281737328896,-0.3203855077212087,-0.14168835170909566,-0.13481677901486067,-0.2990047126307216,-0.2810717300815163,-0.3354754375822056,-0.22116604791264782,0.18254991889457017,-0.30163696867064516,0.04825107344978603,0.014306131877225604,-0.37923543187427483,-0.04637091045115638,-0.3997938129933001,0.03436698099358366,0.011504739870504667,0.26054964127802605,-0.32622350981260984,0.010538263669103695,-0.08698665650261099,-0.2697479196991298,-0.293683312550191,-0.21817842538408644
-0.27784008508491975,-0.2539720630216672,-0.33916571771063353,-0.12582783692016458,-0.18109198047933275,-0.20066487633930052,-0.281897518130498,0.09034946808489543,0.08154724855961665,0.39598775310810796,0.18276208188308712,0.03243410197844751,0.08143990542766281,-0.10767816061528179,-0.062183089230609404,-0.2949735717138207,0.20345925178143545,-0.13676787675649646,-0.1195845287736041,0.017112801100105032,0.6200416277528462,-0.23916059418255725,-0.16520202573466958,-0.20795439389469306,-0.31408269578290293,0.0339594439752341,-0.1281890608945369,-0.3033765455448455,1.0,0.041910404327344886,-0.3191164146986306,-0.2505019046838103,-0.10955574094838055,0.026880797735431138,0.07982295374398185,0.11031758515660472,0.0548804732785348,-0.01410932062288528,0.009593548956837235,0.2992667200348259,0.48528293410431705,-0.008670307594904014,0.1581361676302545,0.2965219392813294,0.21709612694169145,0.4205398172376118,-0.10645763653980134,-0.1150470227440867,0.04180810615291309,-0.18652539835928514,0.5510857289211664,-0.275401427890581,-0.2782237696915043,-0.2882468439390023,-0.07719961523917074,-0.07159502131954762,0.11570027650598089,-0.08898405228637157,-0.00826357474509417,0.22198778560411034
-0.2138426313198143,0.12230059352551187,-0.5057427412362812,0.19530170036265182,-0.2694097291070251,0.29500651428661784,0.15792086628227597,0.8179155062853887,0.2929646422010519,-0.41358291567359884,0.22669103001991223,0.35658656538534,0.7964183282248651,0.17055459646317286,-0.12622827922923646,0.12502279157314952,-0.21354972277962642,0.24013983189874533,0.31811287030406643,-0.21650147385323498,-0.2037030517225279,0.15842399880520489,0.1906349654769058,0.16344440896507373,-0.1500754242506627,-0.21298834744325518,-0.024754331671135024,-0.5121662286289017,0.041910404327344886,1.0000000000000013,-0.1172786140489288,-0.05912607115079778,0.07313309726643263,-0.24342816881647011,-0.12224276165082047,-0.42264732899038376,0.785304925728671,0.5539161746827004,-0.1236819871103621,-0.2869606274147059,-0.07774736324028138,0.4631371592184952,0.04193618052161468,-0.10151744481126998,-0.36417758359414565,0.002332859282599589,0.2807978021228812,0.25079689379980374,0.5978426528915404,0.33014526170985725,0.11307078846209045,-0.23808651748092657,-0.2864062062257018,-0.07544490663289168,0.4583385779381516,-0.4532421384439246,0.16553800954908232,0.5598641618838032,0.25663932150802904,0.23530790587745398
0.1242805899285053,0.3661451122759369,0.29565892819261763,-0.30509123900543783,0.15511762398744458,-0.017042588589332767,-0.10943667518448111,-0.21447200333735242,-0.14487847780448973,-0.13125466580572126,-0.4510460555657463,-0.19299615382492485,-0.11354699849342506,0.07791566619081076,-0.28499320204971906,0.15805145621117409,0.09298315574908518,-0.3776597255858632,-0.2777942857906963,-0.3878747777439054,-0.033007119108085396,0.5582119745340028,0.738996809285701,0.22531064428604097,0.8707223099828942,-0.31702131297825387,-0.2732086920686358,0.2310393230997867,-0.3191164146986306,-0.1172786140489288,0.9999999999999996,-0.10455542056613218,0.07740981987359233,-0.14775173367016056,-0.26450041511829975,0.1272569048929218,-0.16059928999894296,-0.06396230005798645,-0.47707737845453524,-0.011597715312186438,-0.42659887080863684,-0.1245493622758447,-0.025274622919229807,0.16156707837846443,0.11659395801142498,-0.18100963651705373,0.0119095226707999,-0.004692353910913527,-0.14326859806931821,-0.027407515934343492,-0.35024994672912746,0.09770798561968669,-0.07908413734359966,0.34789349098793754,-0.15555829049070913,-0.09294084830399034,-0.07084983115174405,-0.002473323724830702,-0.07188542809884944,-0.03976045224600011
0.39494565380465607,-0.27048897773930397,0.20106963420054652,0.14283655179596533,0.07494509570890581,0.06724610027392305,0.2353099180596886,-0.11455630624382832,-0.024322857293352745,-0.14613868071394429,-0.27778233635010663,0.009711378945344617,-0.02820490279251664,-0.03748418548347767,0.362851215741594,-0.09420597230379031,-0.36124615150090233,0.42832248139877,0.45933370431216336,0.08016070841630268,-0.3472094152923626,-0.08447779068068342,-0.14710582483885012,-0.08685753646000459,-0.20260458756188174,0.2219009347174632,0.37912916253817275,0.18783491523881016,-0.2505019046838103,-0.05912607115079778,-0.10455542056613218,0.9999999999999989,-0.005857177076335757,-0.14953777305204236,0.3609425427760594,-0.3194868418297851,-0.08869604135982785,0.2223589203499674,0.11999306494851555,-0.3736430706403503,-0.334842070267649,0.18206987962533794,-0.499363162110494,-0.36624138645527027,-0.2829936410776441,-0.46971867100450426,0.6565547684843736,0.5210122639503858,-0.03159423717412585,0.31297722433963626,-0.3294468321536428,0.21162752937822632,0.09325920260728514,0.02616305701439595,0.06879580925956469,-0.055078627600186746,-0.09643698683833901,-0.10017376197257485,-0.2756135405133052,-0.20102676719383095
