0,1,2,3,4,5,6,7,8,9,10,11,12,13,14,15,16,17,18,19,20,21,22,23,24,25,26,27,28,29,30,31,32,33,34,35,36,37,38,39,40,41,42,43,44,45,46,47,48,49,50,51,52,53,54,55,56,57,58,59,60,61,62,63,64
1.0000000000000004,0.5859853383261081,0.6962584878795013,0.660635992908264,0.7160053738168568,0.7209846820862027,0.6538580256772955,0.7259651392300774,0.6546909619410474,0.737415794350814,0.9786617696902176,0.6266098170219685,0.6362598105328829,0.6258587031620548,0.7426181174513778,0.6753741531258632,0.6995275911356111,0.7295835942109452,0.6789345357276246,0.7182924590941886,0.5023044116034572,1.0000000000000004,0.7440765680799872,0.7305412064873194,0.6491401962200017,0.9645843906829851,0.5657945114342532,0.6367995274495906,0.6178657041050303,0.5486260907914915,0.668664763359481,0.7300810071503006,0.6170819960836131,0.7530964689584678,0.6567325653510478,0.6054617155886424,0.6363131758821909,0.5612243962102206,0.6678158053201289,0.6326944630291691,0.595918763883398,0.6635652919811308,0.754878674255341,0.5019865617655292,0.5272448807239302,0.7448419077319313,0.607755842836976,0.6099366389191412,0.6123745880868214,0.7581425382469874,0.675219651395871,0.7319952396210327,0.76175303221435,0.6761258702031299,0.667817111479921,0.7210238955727006,0.5904297902272524,0.6095162991624654,0.5754420942774322,0.6668931034836145,0.7028240973351477,0.5636863708757212,0.669834817209632,0.6063238411293259,0.7514534314629941
0.5859853383261081,1.0000000000000002,0.7780713427427355,0.6152864377109151,0.705961981247264,0.7143133641292856,0.7390976025736361,0.6630716837287954,0.6318065326335893,0.671310502494582,0.5787275503342364,0.6576007240295251,0.7485897519072606,0.6143476611269156,0.6999439632932087,0.7906684692239869,0.724169495287335,0.8000702754838267,0.8030222233440749,0.6760489025982375,0.6417738862200266,0.5859853383261081,0.7170374567012971,0.7270024012762739,0.871643973454069,0.5528041017746486,0.7200762872675031,0.6306436455279523,0.853277108869001,0.7799542010090138,0.7948948960612481,0.6645429042000213,0.8262637791508383,0.7152884533159485,0.7368218136701427,0.8514946984462866,0.7921888175127527,0.6590406857662408,0.7976203083082422,0.7728593539047389,0.6421801199649287,0.645868355308421,0.6290286009444539,0.7913113634626392,0.6193020710753877,0.7108345816795414,0.7717346041761022,0.8493995859309456,0.6114586340777353,0.6927184953919655,0.7634225894344631,0.6939797261722052,0.68186885593092,0.7276392675470167,0.7928866040275258,0.695213314616792,0.6091749008308307,0.6846549619027518,0.7349240602585305,0.7496282026414571,0.5912417513543631,0.7074969240089877,0.6786849155335966,0.7156231076336521,0.6778857307270598
0.6962584878795013,0.7780713427427355,1.0000000000000009,0.71124466654963,0.7642172043934945,0.7507659226393171,0.7123818919790743,0.7050051560995949,0.7386596294553877,0.7325802794497394,0.6958889494823679,0.6936554178687603,0.7461281407223834,0.673884401292725,0.7557418128658258,0.7760240066116216,0.8043263058659409,0.7965135163136401,0.7647380555404255,0.6898263421492468,0.666563410734394,0.6962584878795013,0.7681386131810358,0.780150438522698,0.7889332259567665,0.648214021844943,0.7159034904486443,0.7004885145721556,0.7721413122761416,0.750492259535832,0.7594668228303039,0.733547513525276,0.741675513208415,0.7642262239825925,0.7901726315473345,0.7694045783727597,0.8074745581543781,0.7131861063276068,0.7714742206360696,0.747001979652371,0.6866758126431323,0.7189746870165188,0.5992672403058327,0.6889846278997125,0.6289936106522034,0.7598496796118173,0.7728682436364096,0.7506019990938435,0.7620091057032344,0.7493082599193255,0.7990220025791008,0.7429631125820627,0.7734644028399001,0.7667334661001803,0.760120036298244,0.7903217203990198,0.6577127581089506,0.6911556349311828,0.7477107913925971,0.7313091720230753,0.6712250538909361,0.7161550853011565,0.7661102736723576,0.7523140572223737,0.7689114713102835
0.660635992908264,0.6152864377109151,0.71124466654963,1.0000000000000004,0.7459604154217101,0.7482265381980664,0.6708020950608924,0.6792313441378456,0.6335912698001618,0.7397188117691091,0.652678905671119,0.6309800232704694,0.7353386722283177,0.9284644018516207,0.7775396547202322,0.7014988301176364,0.7246529821841508,0.7448939730388866,0.6859209401193704,0.7127338335006856,0.6086034623231775,0.660635992908264,0.7946939513407016,0.8211242594099435,0.6169515855564611,0.6285123986388373,0.8272697159144073,0.8547087707562911,0.6371395086282357,0.7284449765731966,0.6746545746001242,0.720064512747737,0.6558776484341808,0.7974485468188057,0.7691037406026824,0.5999742396713164,0.6727127897005613,0.638640909400201,0.6548677069455815,0.674295657402621,0.6457658374317713,0.6529374149775219,0.6483003440409734,0.5826982321636692,0.6373802623375739,0.804497453327091,0.817056303382194,0.6578273696436425,0.7139898934428313,0.7700339588769713,0.7499091122860303,0.7785928817139852,0.71531927674903,0.7298129420553283,0.646621366674008,0.8684515771356761,0.6928058804482353,0.8009624540061793,0.7889154119628381,0.7149725110211858,0.7024077551820601,0.7943911302644063,0.7550816222327423,0.8925970885973235,0.8576450577017427
0.7160053738168568,0.705961981247264,0.7642172043934945,0.7459604154217101,0.9999999999999992,0.8060376980333741,0.685563012958069,0.7419909647768189,0.6414123168506893,0.7513775687943478,0.6852422349095686,0.7115721789972029,0.7188363409589067,0.6812920928287354,0.8541839708615859,0.7665837817642289,0.8784186431458587,0.847977893089517,0.7399015056184809,0.7371916132247802,0.5229422821750966,0.7160053738168568,0.9208907877298399,0.8700208712147187,0.7159399116241143,0.6824455203437703,0.6998339481109527,0.6755735968608674,0.7078692841955116,0.6503272372369506,0.7157226593299109,0.7698469627533976,0.6649253868977414,0.8144088419306847,0.7362879123573831,0.6740441510142738,0.8078735522164819,0.5997768243980581,0.7284206917791005,0.74291882137996,0.6635608904130139,0.6615201786483274,0.632046356516548,0.5244129522959319,0.5396355843532569,0.8339276657811467,0.7390782967583145,0.6919874376078897,0.6361435619726661,0.7016832275706472,0.8114390618443115,0.73653528295608,0.9513680484735059,0.7168448032292452,0.727353284224533,0.856007932733116,0.627894074510593,0.7300851026948405,0.6649250175404664,0.7011484814156628,0.6936491337509723,0.7694509867363446,0.7069306603971792,0.7584103769023967,0.8464968054855785
0.7209846820862027,0.7143133641292856,0.7507659226393171,0.7482265381980664,0.8060376980333741,1.0000000000000002,0.8392877367323428,0.9123394968665803,0.6566110458005596,0.9228945029623798,0.7160272274880559,0.6656763768149236,0.8748112782997122,0.7988424561650507,0.8146247570708849,0.8610155854992612,0.852416058639132,0.8459908200765802,0.873992661267655,0.912675117348345,0.5799279037526053,0.7209846820862027,0.8647222229464552,0.8789746920920609,0.8212146696209863,0.6948644270447311,0.7741958501731963,0.8077693225091116,0.7785108944868138,0.7315683872509731,0.8676268392993979,0.924063914582157,0.8022643279802358,0.8760401475091946,0.8849608037128323,0.7697431613941379,0.8255208144209821,0.6015590052614341,0.8508516901330554,0.8542263601352278,0.6433668906427743,0.6445391003185278,0.6382723319857473,0.5883143074558623,0.6445260584850663,0.7849300261639884,0.7036012019724386,0.8099897692644178,0.6479959268036655,0.8856595383709929,0.7815186707914925,0.9082494961720332,0.8250589776378495,0.8400025421129691,0.8167951547539132,0.8718301242730387,0.6180966118787208,0.7206465480152409,0.7724697002917329,0.8653340705529564,0.8955085067366275,0.7718108355344895,0.868457486822322,0.7241546513319622,0.7957307285126678
0.6538580256772955,0.7390976025736361,0.7123818919790743,0.6708020950608924,0.685563012958069,0.8392877367323428,1.0,0.8091997069316498,0.6267429485494458,0.8713719933804078,0.6459216060569326,0.6238918168128125,0.8389540847814476,0.7574105535097451,0.7184404470488381,0.8130108418445783,0.7633017942723974,0.8211837329067425,0.8588158916159976,0.842146441548016,0.6080010772222222,0.6538580256772955,0.7486468290206905,0.7872455180721003,0.7942473478710718,0.6262952034023057,0.7721493056744729,0.7422658743287125,0.783243125588179,0.7659176105683456,0.8449614738660628,0.8457465540852284,0.8503796712164959,0.820406573197518,0.8570546281581628,0.7879092813948629,0.8133509068364291,0.5994619106647239,0.8201697507200538,0.8530225497882824,0.6177570209697918,0.6118615906268197,0.6393612157701145,0.6364265443934378,0.6692426139687809,0.7244118876635679,0.714867669578356,0.8361267960115342,0.5894863947214934,0.867746819529015,0.7689236459144404,0.9050630864273812,0.7180244631415176,0.7908796517641993,0.8087402393816296,0.7677904752695432,0.590548915158478,0.7089739637742557,0.7706142536638825,0.8242136856400784,0.7806957755234217,0.6773301287889593,0.809892271017173,0.6991276002008672,0.7166180662813617
0.7259651392300774,0.6630716837287954,0.7050051560995949,0.6792313441378456,0.7419909647768189,0.9123394968665803,0.8091997069316498,1.0,0.6126273923077576,0.9439443511184986,0.7351508635044213,0.587602743563498,0.8052274532657511,0.7343769140870666,0.8133862942809087,0.8837750097217307,0.7697000473884836,0.7996269089766271,0.8618185722551078,0.9181959169396264,0.4757780167059089,0.7259651392300774,0.8195141068001912,0.8127099984260431,0.8126940477433262,0.7248882746490313,0.6967199475919907,0.7440899228215953,0.7871260945988344,0.6844259913001131,0.845445116615888,0.9665203981831181,0.7531022939067229,0.8639425476681554,0.8102808763004898,0.7886872043261987,0.7826560538311504,0.5244050701661094,0.8853256655730433,0.8260244399920544,0.5647634294656575,0.5839718804986762,0.5806689670082197,0.5196026358915582,0.5614470381780161,0.7884903002931696,0.6273457307995196,0.7355225468176934,0.5669034591044566,0.8462403850789726,0.7532938586215765,0.8640852873446747,0.7805935092940336,0.7360548930244987,0.8541921698713862,0.7784935704397635,0.5120648482622421,0.6523876894942893,0.7077965810123666,0.8710351715551197,0.8337560589945033,0.635614883353135,0.7758903332910403,0.6377462960484979,0.771660437163767
0.6546909619410474,0.6318065326335893,0.7386596294553877,0.6335912698001618,0.6414123168506893,0.6566110458005596,0.6267429485494458,0.6126273923077576,0.9999999999999993,0.6547348755451716,0.6404076081473201,0.8418657790745459,0.6911797472927883,0.6384297245858441,0.6367758971282023,0.6637038196271388,0.6746845056206474,0.6444454674320061,0.622058611036326,0.5775922348766453,0.8257810676719379,0.6546909619410474,0.6406214761677889,0.6635131721325382,0.6366910951154191,0.6203501331877042,0.6493619368858772,0.6599653296646699,0.6549547579643916,0.6368819133043134,0.6282307938944609,0.6532320821904205,0.6681360688969227,0.6354649446006528,0.6673374077871277,0.6389630823380472,0.6762537289547639,0.8014905698695071,0.6529095692502145,0.5853239411370855,0.8141956278317825,0.9577371706371648,0.6833102318699891,0.6614861710984967,0.7089579311458489,0.6221116924633789,0.6676964454215277,0.681311477314362,0.8135026320294907,0.6832470529165633,0.6616888575776236,0.6555086212965884,0.6274317179189309,0.6862350092985902,0.6469489570878904,0.6422095838797055,0.8218789433096063,0.6344328765495848,0.65455188188369,0.6681544912300913,0.6689841450982372,0.659193056514627,0.7073463243051765,0.6547809078344575,0.6066414052689499
0.737415794350814,0.671310502494582,0.7325802794497394,0.7397188117691091,0.7513775687943478,0.9228945029623798,0.8713719933804078,0.9439443511184986,0.6547348755451716,1.0000000000000009,0.7267749077512764,0.6237743236542916,0.8546827044761387,0.8056330562411027,0.8038564991321799,0.8818308744875247,0.8001099764773988,0.8419899874346994,0.8731013930150198,0.9142755318515663,0.5551578709570151,0.737415794350814,0.8318368436174706,0.8595780291619728,0.789823478101864,0.723738897785543,0.749114547485609,0.8047556851655586,0.795562900406979,0.7281790125383932,0.8659222670927008,0.974092439539566,0.8245765624685166,0.8901014991490998,0.8668968360147962,0.7795258684298814,0.8395924107615785,0.576022484029564,0.863313510810979,0.8653536566810252,0.6167561982213732,0.6313588028182123,0.63756041171626,0.5892319993625108,0.649189061397922,0.7970916760163578,0.668443114082049,0.7896484277308035,0.615113666668823,0.908995353499032,0.7780453411950429,0.942756953602462,0.7915137297580126,0.826122716858745,0.8591881684510118,0.8416105063412691,0.5954891156090585,0.7209776528633982,0.7650683985765196,0.8579222310568387,0.8702310894072405,0.683437824395228,0.8641816925877601,0.6932815111706334,0.7931205797958856
0.9786617696902176,0.5787275503342364,0.6958889494823679,0.652678905671119,0.6852422349095686,0.7160272274880559,0.6459216060569326,0.7351508635044213,0.6404076081473201,0.7267749077512764,0.9999999999999992,0.6143447927497641,0.6281381910757946,0.6133409051096262,0.7337350166052603,0.6667587199163478,0.6796398128637906,0.7297730511526703,0.6799784313883552,0.7227320091418767,0.49647539433152643,0.9786617696902176,0.7215659645430377,0.7080899793799154,0.6496052799407359,0.9506240447500858,0.5516464658384501,0.6261359300224469,0.604259377346432,0.538817950885971,0.668626609178059,0.7270149914414424,0.5985587854176542,0.7503047276609798,0.6611022742286926,0.607256602910685,0.6114615179928621,0.5517237609314846,0.6748266007615509,0.637672517577496,0.5940780645943264,0.6382023007403889,0.7259787321493452,0.4827014458631353,0.5083725274777549,0.7332729377818291,0.5929301057160921,0.5973468618200783,0.6000049349645511,0.7548605611073278,0.652118221868798,0.726690882748389,0.7373889307801749,0.6679691464442015,0.6511535416687915,0.7093619539810148,0.5747233890333618,0.5909204983961069,0.5657273905324289,0.6741082333259307,0.690848950996971,0.5538770702438878,0.6597073958162222,0.591194723259618,0.7492894131737451
0.6266098170219685,0.6576007240295251,0.6936554178687603,0.6309800232704694,0.7115721789972029,0.6656763768149236,0.6238918168128125,0.587602743563498,0.8418657790745459,0.6237743236542916,0.6143447927497641,1.0000000000000004,0.6770176975463862,0.6134232359240436,0.6189780055457159,0.6429305159456442,0.7602880670287316,0.6931341984870472,0.6666876424924464,0.5670410302418905,0.8317276423379791,0.6266098170219685,0.6480544354224109,0.6493522854929148,0.616697405253928,0.6062263099514604,0.6596899361552035,0.6366521914844168,0.6469004040330409,0.5966058876435589,0.6491034595930951,0.6431521733893748,0.6312170281835274,0.6279279350345006,0.6571583454590215,0.6197701757553095,0.6852357021384421,0.8435869558228224,0.6188174344043557,0.6169110333254209,0.9595408593725633,0.8516052777158143,0.662644370815404,0.6750301502367062,0.7356911231854968,0.6075512651787915,0.6565428195465046,0.6801914341241997,0.7908581727327229,0.6456055834727958,0.6208588295606602,0.640866323238354,0.6534457763477435,0.7063440681301056,0.6452940404324016,0.667668553309007,0.8990448423352622,0.6567269978681012,0.6466250329603545,0.6367366521504797,0.5616410870038495,0.7320856377447318,0.6951965060021568,0.673682311379198,0.6326794576045609
0.6362598105328829,0.7485897519072606,0.7461281407223834,0.7353386722283177,0.7188363409589067,0.8748112782997122,0.8389540847814476,0.8052274532657511,0.6911797472927883,0.8546827044761387,0.6281381910757946,0.6770176975463862,1.0000000000000007,0.7915631749686054,0.7259027849629449,0.8194871484014556,0.8023334442433616,0.8098992375974391,0.8464906378730352,0.8329282847265934,0.6667687385161094,0.6362598105328829,0.7830311810746697,0.8233817519199006,0.7846848560516305,0.6192977726316049,0.7975262836098276,0.7999270670438091,0.8039669718262098,0.7666551013170145,0.8362278937638945,0.8300063839771694,0.8431101128333411,0.8052627326981621,0.8736113323733163,0.8118445196689341,0.8255001711493676,0.6500987892918202,0.8275111990835158,0.8664036846052344,0.6785764139083776,0.6643314055672895,0.6288600328722855,0.6748010493298808,0.7303874790782684,0.7277681587730137,0.7334865639265613,0.8331452613251238,0.6978985663918054,0.8453930610773459,0.752177385251731,0.8778404449484916,0.7380092665568394,0.8534681947372196,0.8106443538339263,0.8177567880331906,0.6591787678653904,0.6910910768798098,0.792031365196155,0.8921609130437085,0.8399568881339162,0.7293117283664803,0.8700622953202586,0.7329422398066745,0.7075262265926501
0.6258587031620548,0.6143476611269156,0.673884401292725,0.9284644018516207,0.6812920928287354,0.7988424561650507,0.7574105535097451,0.7343769140870666,0.6384297245858441,0.8056330562411027,0.6133409051096262,0.6134232359240436,0.7915631749686054,1.0,0.7532426618387751,0.7466759553097978,0.6945172550940797,0.7477963040387887,0.7380098472239845,0.774036701276563,0.6197896190667465,0.6258587031620548,0.7565221390030141,0.8060600929238988,0.6587300718868818,0.5825705387637867,0.8941447476196125,0.8893803618770031,0.6871615473188756,0.7620101071723081,0.734865543248466,0.7858043969917068,0.7355151860336198,0.825133074281311,0.8276117058722294,0.6466394974256522,0.6976038116748445,0.6117263467595233,0.7004232313953758,0.7334439473221428,0.6102750631695628,0.6367556046602529,0.6416683705197966,0.6153187604831167,0.6909261793486,0.7672716099271836,0.7775927808210383,0.7062862278831497,0.6955635920113159,0.8426176763715784,0.7670081416931213,0.8494805096490019,0.6681623186368304,0.770071964383991,0.7088416636560554,0.8137071672698398,0.6496376170432681,0.800407850118305,0.8282011506951805,0.7628612123921961,0.7568818886427615,0.7622307907913454,0.8057863252907465,0.8476712872394271,0.7930375622979011
0.7426181174513778,0.6999439632932087,0.7557418128658258,0.7775396547202322,0.8541839708615859,0.8146247570708849,0.7184404470488381,0.8133862942809087,0.6367758971282023,0.8038564991321799,0.7337350166052603,0.6189780055457159,0.7259027849629449,0.7532426618387751,1.0000000000000004,0.8145223507309062,0.7737751351148044,0.8311073041104833,0.7376394622763982,0.7888128215674179,0.4787809032499676,0.7426181174513778,0.8895507253324852,0.8745125533313873,0.7263246665166583,0.6915830088605708,0.7083203282722345,0.755568642917712,0.7400557932447183,0.6648749954788671,0.7335051772052065,0.8211570580999853,0.7050497788609665,0.9251759658043979,0.7882173498391196,0.7076933953650546,0.7386339342636701,0.5121243872763802,0.7826545659905514,0.7160868513371212,0.5532113757040902,0.6174744455634916,0.6410932363938782,0.524204603174131,0.509703685760039,0.9687656843666576,0.6934519694495085,0.6866446286459482,0.5788888779742489,0.7838252513680571,0.8165897696248218,0.7846919735824119,0.8534151450857468,0.7064494117148279,0.7707416909387017,0.8080483784571204,0.5400083518952693,0.7802120771880945,0.7093154145323508,0.7504207820043198,0.7533984296798972,0.7358720714197422,0.7245269491335988,0.7345172534822496,0.8993979503253481
0.6753741531258632,0.7906684692239869,0.7760240066116216,0.7014988301176364,0.7665837817642289,0.8610155854992612,0.8130108418445783,0.8837750097217307,0.6637038196271388,0.8818308744875247,0.6667587199163478,0.6429305159456442,0.8194871484014556,0.7466759553097978,0.8145223507309062,0.9999999999999998,0.7922165986178564,0.8312848988063909,0.8397066480079725,0.8136155558209166,0.5754400396900917,0.6753741531258632,0.8233001294683571,0.8216221368558252,0.8591240460630764,0.651069484682076,0.7463831166067323,0.7358675687335057,0.940742681265297,0.7546497567323973,0.8269338863680874,0.8983688340353035,0.8031145094991003,0.854951183064437,0.8571676203101484,0.9006666076523615,0.8368641730886569,0.5958369252315182,0.9528491608617995,0.8518957186491248,0.6152808899440003,0.6316624291335383,0.6240905754052375,0.6285624683161466,0.5831752550990914,0.8037673196100479,0.6950666114613746,0.7800552717157736,0.6143941391606556,0.8145840091335673,0.8111299020509214,0.8293995805851301,0.7823953355465579,0.8027645985608641,0.9178814592877685,0.7881276665463631,0.5591705112598829,0.7258367971599801,0.7663860943977125,0.8070897600414624,0.7523081436503476,0.6802654939346806,0.797209689847804,0.6969310682582294,0.7803550379970654
0.6995275911356111,0.724169495287335,0.8043263058659409,0.7246529821841508,0.8784186431458587,0.852416058639132,0.7633017942723974,0.7697000473884836,0.6746845056206474,0.8001099764773988,0.6796398128637906,0.7602880670287316,0.8023334442433616,0.6945172550940797,0.7737751351148044,0.7922165986178564,1.0,0.8413055510498817,0.8236822598973688,0.7691805776910943,0.6188593764274744,0.6995275911356111,0.8632676847085514,0.8560594031089543,0.7386159428494989,0.6849192775117259,0.7233669176371111,0.7293444969909948,0.7435847582210555,0.6888064410744145,0.790690570243896,0.8063903544243405,0.7348016320460894,0.7866847546130391,0.8111394988951004,0.7296185106228972,0.8571997850462165,0.6921029962719433,0.7754875286628788,0.8101478403116639,0.7669509583236211,0.6728928886721057,0.5932583001933485,0.5818412213493667,0.6184827132852813,0.770570770144535,0.7316997148705022,0.7779526380813151,0.6830674248984201,0.7688433495796767,0.7874240445785687,0.8031673865251551,0.8780031152187371,0.7933221357934022,0.7595630403920661,0.882282717487018,0.6630437898244801,0.698028571658898,0.7311278300475929,0.7510731911405273,0.7335816706816951,0.8012045734631437,0.7965764320923712,0.742576102078843,0.8026483912889342
0.7295835942109452,0.8000702754838267,0.7965135163136401,0.7448939730388866,0.847977893089517,0.8459908200765802,0.8211837329067425,0.7996269089766271,0.6444454674320061,0.8419899874346994,0.7297730511526703,0.6931341984870472,0.8098992375974391,0.7477963040387887,0.8311073041104833,0.8312848988063909,0.8413055510498817,1.0000000000000004,0.8531890110578502,0.830690151012693,0.6043203218377765,0.7295835942109452,0.8193490317137705,0.8364199962152701,0.8008929875573625,0.6854666905762657,0.7694064684214321,0.7349464768862317,0.7872694684130455,0.7216410206521621,0.8354095121539458,0.8404079836970608,0.8073871077713468,0.9001145551603,0.884060961111537,0.762584547125085,0.8544121894281961,0.6325135827269625,0.8034278198213745,0.8640442593796898,0.6797766430939787,0.6288259123267901,0.6485845950580558,0.6018236969300295,0.6565339686575495,0.8311051772414767,0.749712321256339,0.7903167521757646,0.6493543257993859,0.8379427722092876,0.8363724677545267,0.8696550520710227,0.8376602564392268,0.8144358960505685,0.8013774119471502,0.826536544009288,0.624417136450538,0.7991744498519897,0.7450953438692298,0.7942532250783925,0.7279614172189242,0.7745553396448315,0.8084599378421589,0.7663574876527581,0.8391479651471612
0.6789345357276246,0.8030222233440749,0.7647380555404255,0.6859209401193704,0.7399015056184809,0.873992661267655,0.8588158916159976,0.8618185722551078,0.622058611036326,0.8731013930150198,0.6799784313883552,0.6666876424924464,0.8464906378730352,0.7380098472239845,0.7376394622763982,0.8397066480079725,0.8236822598973688,0.8531890110578502,0.9999999999999999,0.8887754975164154,0.6189516062282736,0.6789345357276246,0.782737365388811,0.7992341695027745,0.8744480929002216,0.6655556306113273,0.765319160393918,0.7570467169788885,0.8012277486101462,0.7737959145740985,0.9707016226737676,0.8637364482390619,0.8378080729802744,0.8131224619369815,0.8479273281504063,0.8268118699441904,0.8707317513666927,0.6318634141063504,0.8694729025827361,0.912127405547225,0.6610804530095453,0.6283603874707873,0.6180505334220585,0.6897030762004515,0.7248676938774388,0.7333241652280766,0.730108011492453,0.8520056933458473,0.6113436712153701,0.872877181144087,0.765188545930058,0.8961203845666031,0.74534040832914,0.8049952338378947,0.8017329502067354,0.798966077795237,0.6153822348640829,0.6845743237329934,0.7761507008881212,0.8708153785674131,0.7602889414286107,0.7267220258890237,0.8066755275080637,0.7140038202457328,0.7316405504173226
0.7182924590941886,0.6760489025982375,0.6898263421492468,0.7127338335006856,0.7371916132247802,0.912675117348345,0.842146441548016,0.9181959169396264,0.5775922348766453,0.9142755318515663,0.7227320091418767,0.5670410302418905,0.8329282847265934,0.774036701276563,0.7888128215674179,0.8136155558209166,0.7691805776910943,0.830690151012693,0.8887754975164154,0.9999999999999996,0.5147666666620858,0.7182924590941886,0.8198121096646733,0.8336861202352737,0.7974136117040691,0.7041424943222052,0.7568334634832911,0.7824417444079916,0.7372146716317106,0.7218616747544755,0.8898931371343518,0.8913359736651814,0.8046014775875086,0.8697271442250731,0.8531058671895739,0.7461265504427376,0.7910076662785659,0.5318421217783376,0.8276319338318558,0.8479478699094862,0.5656824629306889,0.5725794617654465,0.6235716552716397,0.5678091738911981,0.6150570703328077,0.7833684470132749,0.6866681588961552,0.7897564292927939,0.5748275287160846,0.9070291191218194,0.767589522379929,0.9224757375376207,0.7826864128984887,0.771848719073873,0.7762991564195549,0.8199441309265315,0.5431279978489285,0.6869825113719012,0.7520313258443181,0.8884664414416856,0.8546299890655069,0.6740629027313836,0.7975827040992562,0.7054575496376907,0.7802052039697638
0.5023044116034572,0.6417738862200266,0.666563410734394,0.6086034623231775,0.5229422821750966,0.5799279037526053,0.6080010772222222,0.4757780167059089,0.8257810676719379,0.5551578709570151,0.49647539433152643,0.8317276423379791,0.6667687385161094,0.6197896190667465,0.4787809032499676,0.5754400396900917,0.6188593764274744,0.6043203218377765,0.6189516062282736,0.5147666666620858,1.0,0.5023044116034572,0.5185359688065454,0.580213363583731,0.607846965788775,0.47317007126484106,0.6878041112539833,0.6235076422680232,0.6266339654583679,0.6801090962554179,0.6178629497611086,0.5301730828443326,0.6698577116474063,0.5318521944831378,0.646235566481498,0.609493696880385,0.6461004764269898,0.8865470063527756,0.5623026522039466,0.6112596789175295,0.8625324382257066,0.8479711661425208,0.6353460177638157,0.7777637695039068,0.8016377415899496,0.5047357508370429,0.7035227694967838,0.7019980330839195,0.7993410480222716,0.6222283196767388,0.6134124428886013,0.6113685916277867,0.46783083926967095,0.7055761690201112,0.5772468358462484,0.6231431184044287,0.879535089466005,0.6749149869722486,0.6926934990561042,0.610939741291429,0.5095921894954444,0.7202945826771899,0.6961856812387051,0.6823273903677145,0.5393945670322442
1.0000000000000004,0.5859853383261081,0.6962584878795013,0.660635992908264,0.7160053738168568,0.7209846820862027,0.6538580256772955,0.7259651392300774,0.6546909619410474,0.737415794350814,0.9786617696902176,0.6266098170219685,0.6362598105328829,0.6258587031620548,0.7426181174513778,0.6753741531258632,0.6995275911356111,0.7295835942109452,0.6789345357276246,0.7182924590941886,0.5023044116034572,1.0000000000000004,0.7440765680799872,0.7305412064873194,0.6491401962200017,0.9645843906829851,0.5657945114342532,0.6367995274495906,0.6178657041050303,0.5486260907914915,0.668664763359481,0.7300810071503006,0.6170819960836131,0.7530964689584678,0.6567325653510478,0.6054617155886424,0.6363131758821909,0.5612243962102206,0.6678158053201289,0.6326944630291691,0.595918763883398,0.6635652919811308,0.754878674255341,0.5019865617655292,0.5272448807239302,0.7448419077319313,0.607755842836976,0.6099366389191412,0.6123745880868214,0.7581425382469874,0.675219651395871,0.7319952396210327,0.76175303221435,0.6761258702031299,0.667817111479921,0.7210238955727006,0.5904297902272524,0.6095162991624654,0.5754420942774322,0.6668931034836145,0.7028240973351477,0.5636863708757212,0.669834817209632,0.6063238411293259,0.7514534314629941
0.7440765680799872,0.7170374567012971,0.7681386131810358,0.7946939513407016,0.9208907877298399,0.8647222229464552,0.7486468290206905,0.8195141068001912,0.6406214761677889,0.8318368436174706,0.7215659645430377,0.6480544354224109,0.7830311810746697,0.7565221390030141,0.8895507253324852,0.8233001294683571,0.8632676847085514,0.8193490317137705,0.782737365388811,0.8198121096646733,0.5185359688065454,0.7440765680799872,1.0,0.9542695326406073,0.7524144596646334,0.7238975602618646,0.730505186485023,0.777451455170513,0.7493502408795079,0.7192700790742159,0.7610162019905651,0.8305610482311805,0.7065316477496133,0.8525586468097954,0.7935098992192142,0.7275232828975243,0.8061922055254432,0.5823491162629812,0.7990304971550449,0.7804591268697321,0.6246139179717318,0.6615760865155293,0.6478565403245918,0.5627925371327405,0.5265008762859339,0.8952226419588587,0.7464275388937671,0.7474208639199797,0.6247836259015673,0.7911597983258554,0.81702986949222,0.8151153231132584,0.9280821611060475,0.759450344912552,0.7700766845744281,0.9093789664957513,0.605257465801631,0.7408346786220504,0.7424317183131919,0.7825960724809444,0.7910405718629799,0.7583992550013978,0.7773568138319089,0.7658390368810126,0.8727109131750503
0.7305412064873194,0.7270024012762739,0.780150438522698,0.8211242594099435,0.8700208712147187,0.8789746920920609,0.7872455180721003,0.8127099984260431,0.6635131721325382,0.8595780291619728,0.7080899793799154,0.6493522854929148,0.8233817519199006,0.8060600929238988,0.8745125533313873,0.8216221368558252,0.8560594031089543,0.8364199962152701,0.7992341695027745,0.8336861202352737,0.580213363583731,0.7305412064873194,0.9542695326406073,0.9999999999999993,0.7575744442516801,0.708054639660143,0.7789576667442251,0.8207140854874134,0.7627760306177891,0.7587034379950475,0.781560308141146,0.8344059361057691,0.768420842588112,0.8738391165364957,0.8414639499009747,0.737257175145698,0.8250005947505712,0.6280799391276185,0.7929798110280066,0.8140154925230954,0.646690437208209,0.6686136708415744,0.650210850797539,0.6137206131772477,0.580547028197507,0.8901737528472187,0.7734112388814876,0.7805938661756441,0.6539408831233122,0.8274924923036118,0.8266959611393778,0.8576062796377031,0.8713389220013501,0.8348349275902962,0.7713367287812694,0.9461743709828829,0.6461906145117324,0.7949199187668137,0.7939076197015289,0.8039456353611658,0.8231762242258462,0.8102929340428935,0.8546461479716461,0.8011423574200917,0.885166715111277
0.6491401962200017,0.871643973454069,0.7889332259567665,0.6169515855564611,0.7159399116241143,0.8212146696209863,0.7942473478710718,0.8126940477433262,0.6366910951154191,0.789823478101864,0.6496052799407359,0.616697405253928,0.7846848560516305,0.6587300718868818,0.7263246665166583,0.8591240460630764,0.7386159428494989,0.8008929875573625,0.8744480929002216,0.7974136117040691,0.607846965788775,0.6491401962200017,0.7524144596646334,0.7575744442516801,1.0000000000000004,0.6214741184828283,0.7295830944562176,0.6884523230457102,0.8529836268573973,0.8138673264828187,0.8642907709314955,0.7863334414112213,0.8107754321498584,0.769754152557598,0.7755720745334546,0.8568200526568148,0.8306472154330693,0.6368017948644094,0.8672316707169105,0.8574418633747194,0.5917697432635809,0.6306415312111986,0.6249073339494405,0.70932778283578,0.6206245271975682,0.7206125147573126,0.7493106754294341,0.8168910599036554,0.6168521383907181,0.7625674591696663,0.7998517816534207,0.7717902881434653,0.7029605964362922,0.7557267727255775,0.8342926452242836,0.7208427115163911,0.5383357945666278,0.6671451746270172,0.7733908576766604,0.8393465356066676,0.6857268967721791,0.6971864682320053,0.7361326425053561,0.6912282932389943,0.695168387206182
0.9645843906829851,0.5528041017746486,0.648214021844943,0.6285123986388373,0.6824455203437703,0.6948644270447311,0.6262952034023057,0.7248882746490313,0.6203501331877042,0.723738897785543,0.9506240447500858,0.6062263099514604,0.6192977726316049,0.5825705387637867,0.6915830088605708,0.651069484682076,0.6849192775117259,0.6854666905762657,0.6655556306113273,0.7041424943222052,0.47317007126484106,0.9645843906829851,0.7238975602618646,0.708054639660143,0.6214741184828283,1.0000000000000002,0.5306056076656469,0.6044082331173333,0.5965911178505539,0.5213876369843731,0.641246323114937,0.7145078039388499,0.569589456879878,0.7008240709745341,0.6077555350305497,0.5882892472141791,0.6206278550200944,0.546073989195116,0.6491921620257548,0.6052727237793776,0.5885466411777471,0.6304938403074442,0.738523597644525,0.46905877943696006,0.4769163628188936,0.697403630885374,0.5744528658007337,0.587268149144929,0.5783330300341272,0.7195704568033583,0.6374100579586051,0.6972427912205021,0.7328715431606976,0.6404055020214949,0.652314537413373,0.7035240897542054,0.5745611980913881,0.5555410836723047,0.5452663136837065,0.6604263691623737,0.6824651082015665,0.5302328935115818,0.6304881452535648,0.5703878845150683,0.7137720925227644
0.5657945114342532,0.7200762872675031,0.7159034904486443,0.8272697159144073,0.6998339481109527,0.7741958501731963,0.7721493056744729,0.6967199475919907,0.6493619368858772,0.749114547485609,0.5516464658384501,0.6596899361552035,0.7975262836098276,0.8941447476196125,0.7083203282722345,0.7463831166067323,0.7233669176371111,0.7694064684214321,0.765319160393918,0.7568334634832911,0.6878041112539833,0.5657945114342532,0.730505186485023,0.7789576667442251,0.7295830944562176,0.5306056076656469,1.0,0.8184830905794902,0.7436624720029461,0.8591173290979752,0.7509491195699738,0.7386806769827501,0.7829965481092305,0.771135908048714,0.8134781387621703,0.7277991118168219,0.7298215251967549,0.6818107412816576,0.730477611790424,0.7551073023512297,0.6528804241831478,0.6541710850896334,0.6292906186650344,0.7039115223919261,0.7078633856372232,0.7201264850564296,0.8920081124519781,0.7732280631495638,0.7139383503709926,0.7926332398128436,0.7962147289618422,0.8033016910311073,0.6622771974068897,0.7687737156968286,0.7333740977816143,0.7786955149495005,0.6624608600750715,0.7894771931505513,0.9025636342312501,0.7565526671654739,0.6882176426895649,0.804038500934299,0.7646921893199825,0.9360691825410263,0.7336657216048699
0.6367995274495906,0.6306436455279523,0.7004885145721556,0.8547087707562911,0.6755735968608674,0.8077693225091116,0.7422658743287125,0.7440899228215953,0.6599653296646699,0.8047556851655586,0.6261359300224469,0.6366521914844168,0.7999270670438091,0.8893803618770031,0.755568642917712,0.7358675687335057,0.7293444969909948,0.7349464768862317,0.7570467169788885,0.7824417444079916,0.6235076422680232,0.6367995274495906,0.777451455170513,0.8207140854874134,0.6884523230457102,0.6044082331173333,0.8184830905794902,1.0000000000000002,0.6778895964374972,0.8004282858538067,0.7534083952921107,0.7746244238179605,0.7133638439574148,0.7993234041496107,0.8247271159638723,0.6576221348533533,0.7143940299544446,0.6151996213879406,0.7137709352174982,0.7245285992712243,0.6377113283693604,0.6405344325662563,0.6065272423208026,0.616838398113793,0.6659325930537023,0.7781539261349967,0.7520937438792611,0.7163019206660729,0.7323498836283642,0.8173459549821059,0.7035214744678957,0.8308637011476099,0.668042307316894,0.767639433464381,0.6909455991196383,0.8167125614490569,0.6575967570314414,0.7382777992210914,0.8884894692232216,0.7766776959233166,0.790221167896628,0.7683405289738319,0.810072441749148,0.8077173409051921,0.7715582984055391
0.6178657041050303,0.853277108869001,0.7721413122761416,0.6371395086282357,0.7078692841955116,0.7785108944868138,0.783243125588179,0.7871260945988344,0.6549547579643916,0.795562900406979,0.604259377346432,0.6469004040330409,0.8039669718262098,0.6871615473188756,0.7400557932447183,0.940742681265297,0.7435847582210555,0.7872694684130455,0.8012277486101462,0.7372146716317106,0.6266339654583679,0.6178657041050303,0.7493502408795079,0.7627760306177891,0.8529836268573973,0.5965911178505539,0.7436624720029461,0.6778895964374972,1.0000000000000002,0.7837612130216125,0.7855349471775825,0.7980830071594351,0.8600450725051143,0.7830863120685501,0.8024252921611856,0.9605863270449391,0.8143367811388786,0.6382484850170527,0.9046959279196947,0.8314088443241183,0.6262995049928407,0.6333673394114817,0.6173546081383212,0.7173531969447298,0.60555633837408,0.7452676859391535,0.7245977455827806,0.8100065317437619,0.6341858064584038,0.7551202847683538,0.8139063061849068,0.7588322438541653,0.7105418798881653,0.7900477801071188,0.9491367573544236,0.7252976766741146,0.569302204103479,0.7141317223127017,0.7659501257168904,0.7636406468009423,0.65387290499887,0.6703838531286168,0.7439466971137314,0.6899721368771613,0.7151305592413177
0.5486260907914915,0.7799542010090138,0.750492259535832,0.7284449765731966,0.6503272372369506,0.7315683872509731,0.7659176105683456,0.6844259913001131,0.6368819133043134,0.7281790125383932,0.538817950885971,0.5966058876435589,0.7666551013170145,0.7620101071723081,0.6648749954788671,0.7546497567323973,0.6888064410744145,0.7216410206521621,0.7737959145740985,0.7218616747544755,0.6801090962554179,0.5486260907914915,0.7192700790742159,0.7587034379950475,0.8138673264828187,0.5213876369843731,0.8591173290979752,0.8004282858538067,0.7837612130216125,0.9999999999999998,0.7659224973464744,0.6971112603970676,0.791777726195263,0.7112092671821331,0.7600046723873445,0.7878716460882336,0.7422220718129121,0.6813944703099993,0.7591332247766145,0.7742674597834924,0.6136593222340672,0.6321847868469525,0.6045825864583707,0.7482599921298698,0.6642218028947766,0.6987847388635797,0.8907319312222214,0.7777748732182999,0.7025113582277447,0.7446908217609727,0.7537178637221289,0.7566361580982806,0.6264155903007451,0.7430805061642529,0.7513948449958627,0.744415212877247,0.6134009182374065,0.7164403499980981,0.9386358634727526,0.7574200323718769,0.6545277646206921,0.7312729561048563,0.7346360826899199,0.8304764449855656,0.6781946985767711
0.668664763359481,0.7948948960612481,0.7594668228303039,0.6746545746001242,0.7157226593299109,0.8676268392993979,0.8449614738660628,0.845445116615888,0.6282307938944609,0.8659222670927008,0.668626609178059,0.6491034595930951,0.8362278937638945,0.734865543248466,0.7335051772052065,0.8269338863680874,0.790690570243896,0.8354095121539458,0.9707016226737676,0.8898931371343518,0.6178629497611086,0.668664763359481,0.7610162019905651,0.781560308141146,0.8642907709314955,0.641246323114937,0.7509491195699738,0.7534083952921107,0.7855349471775825,0.7659224973464744,1.0,0.85082823694905,0.8319095995412557,0.809348578971459,0.83649434817226,0.8105571133454541,0.8575539941428638,0.6169918546407485,0.8566599102213333,0.8881645570439081,0.63593442681741,0.6241149533377528,0.6256877375199937,0.6918689049334494,0.7210100581795771,0.7245778138781382,0.7151482145733061,0.8370860347005344,0.5945062214405209,0.8771596167999582,0.7410140106732335,0.8858031300659357,0.7240461241839566,0.7833653082772774,0.782789974921275,0.7772867540765918,0.6006458324230719,0.6693767223825176,0.7626977315479176,0.8551528203327231,0.7717551291719809,0.713234452862225,0.796430019966783,0.695119915917944,0.7106221381892583
0.7300810071503006,0.6645429042000213,0.733547513525276,0.720064512747737,0.7698469627533976,0.924063914582157,0.8457465540852284,0.9665203981831181,0.6532320821904205,0.974092439539566,0.7270149914414424,0.6431521733893748,0.8300063839771694,0.7858043969917068,0.8211570580999853,0.8983688340353035,0.8063903544243405,0.8404079836970608,0.8637364482390619,0.8913359736651814,0.5301730828443326,0.7300810071503006,0.8305610482311805,0.8344059361057691,0.7863334414112213,0.7145078039388499,0.7386806769827501,0.7746244238179605,0.7980830071594351,0.6971112603970676,0.85082823694905,0.9999999999999998,0.777569663986239,0.8920755152991313,0.8493359924960584,0.7873059256834374,0.8132960639968041,0.5587695300602497,0.8840725109944014,0.840153019062702,0.6132887081030944,0.6189105840500059,0.6127771277967304,0.5467896537429467,0.610388681643448,0.794677558060245,0.6439273173459269,0.7636501735144963,0.600956785024334,0.8808442401164436,0.7742991735372688,0.9123599290478053,0.8037098320194431,0.7902083459082228,0.874072753444585,0.8102182857264006,0.5708644950722257,0.6985286258319905,0.735168662857157,0.8386023815311342,0.8435173052628655,0.6736059566795968,0.8299579248617401,0.6718051585538658,0.7936556442737924
