0,1,2,3,4,5,6,7,8,9,10,11,12,13,14,15,16,17,18,19,20,21,22,23,24,25,26,27,28,29,30,31,32,33,34,35,36,37,38,39,40,41,42,43,44,45,46,47,48,49,50,51
0.9999999999999998,-0.042828246680241835,0.4530086171540846,-0.1514028970895115,0.31787570006308763,0.06564136776964093,0.022943871073067078,-0.24544407444599847,-0.08550099592891662,-0.07559013820155717,-0.36945070258138096,0.0037420802131845447,-0.27068178634168216,0.09013210362826862,0.02996045540775564,0.2248720725455116,-0.3502787012781197,-0.12650800869979037,-0.17455991792839537,-0.19936614945977904,-0.10191832895371765,0.022356407578908933,-0.03733094408741134,0.1169069270892403,0.07152392327719118,-0.07725513408085523,0.020438126061255862,0.4047541743164148,-0.2811573080550144,-0.20686158199328109,0.1070311424844989,0.37381642934100123,0.1696213871830287,-0.37469626929275507,0.24508678665156064,-0.15558491286329096,-0.21037482846115535,0.11764843102143338,-0.22564749840372644,-0.36750153170024386,-0.46531938781053217,0.17423751896355047,-0.45474053704834755,-0.31973835183335164,0.13812999368526513,-0.4578563625582923,0.32962807636649216,0.356701302299063,-0.1982982431794688,0.3047427982983446,-0.4452329557636481,0.06282464434651987
-0.042828246680241835,0.9999999999999991,0.13134050523763202,-0.14766191772874174,0.0709863413963329,0.029778719472867275,-0.12903201851442517,0.24305122688052222,-0.010823868098039528,-0.3204633419567995,-0.0847972427762905,-0.035937134425547364,0.19660513836352028,0.16571679909648052,-0.35095561597761415,0.3177713305172917,0.044926245925009364,-0.161133540204799,-0.17318390815633775,-0.2564478424567006,-0.11724606908847551,0.6128627222326746,0.1458910089330848,0.46471743162548773,0.5700637872318639,-0.3227467459859146,-0.27222141903523955,0.13573294672730316,-0.21770511406959475,0.15902105524010168,0.3585723070228579,-0.2596222245033324,0.22048007683825724,-0.1773341116869507,-0.27375734001799434,-0.18344642363189206,0.15809053950727955,0.03347802490474767,-0.30628005059019137,-0.29354513939609217,-0.30467393591225833,0.09306731000307154,0.059304342704378545,-0.15395928334794665,-0.04112229125309762,-0.024329498568920208,-0.0034769324054359993,0.06250437177577772,0.13864656786210425,0.09371403651301315,-0.16452289168266082,-0.04322369683757195
0.4530086171540846,0.13134050523763202,0.9999999999999987,-0.27357804379947326,0.32244754817463894,-0.12762323477266674,0.041552757756935454,-0.5304335357928874,-0.23079612951155412,-0.0029430788871555452,-0.3517682846361445,-0.27235303677851386,-0.48493835657889534,0.0018530733994834847,-0.042620740228013,-0.003462068767156439,0.0040522380965397255,-0.34104945539031506,-0.340211908986937,-0.08904074049503638,-0.09746450446331215,0.10167717063460426,-0.05591438637736224,0.2700887624830065,0.28148832948175684,-0.038426822132253326,-0.03947894422954105,0.9339603501104095,-0.3479907461940407,-0.4984542415203841,0.26780112615382023,0.18387075909766262,0.1141238394118756,-0.23782124657336984,-0.04404905928687332,0.10418358938086393,-0.5270039193048432,-0.34907822800150334,-0.19357883534040682,-0.11974009191439594,-0.3352344698245928,-0.31822145465893736,-0.3401318263336597,-0.22507392503020673,0.19576591051722192,-0.32639983835985464,0.0885630667414969,0.066289803154069,-0.4110005199065465,0.009749817825101016,-0.47227103058130365,-0.01076499603374483
-0.1514028970895115,-0.14766191772874174,-0.27357804379947326,1.0000000000000002,-0.18799750354657133,0.21180731184132057,0.5390378414348309,0.21732306073290336,0.1340027156123082,0.253558568033339,0.10340805794642409,0.2941373769209975,0.18548224150537942,-0.028844451104029667,0.2390430973804699,0.10688303265744173,-0.17725833527845372,0.5481096099940617,0.49048862363486234,0.3311437800857739,-0.37189875457008226,-0.16794802951653817,-0.12599004510211428,-0.2205577840271366,-0.2835157729913835,0.1456238360234234,0.42955857998309366,-0.09394724618048289,-0.14774747678457228,0.16440512985803907,-0.30065347426685657,0.12926235464851635,-0.19787314500961684,0.08984409159657672,0.08083207896716794,-0.34320250142764086,0.17371984491214226,0.12187879303457998,0.3003021390989324,-0.2398695291082966,-0.025420112716147192,0.12837595531104654,-0.13269069567079583,-0.23264005373871122,-0.44271675912411673,-0.11814661210840141,-0.10429984504433014,-0.12411805077149461,0.2071802370709092,-0.044539724752212295,0.007332719388647942,0.059712345978935516
0.31787570006308763,0.0709863413963329,0.32244754817463894,-0.18799750354657133,1.0000000000000009,-0.018933105443560125,-0.0200361439159015,-0.18915544249831323,-0.042451455609769304,0.0333662552488672,-0.3935184777968845,-0.010211693827293991,-0.171756700179057,0.08083585293242121,-0.1895079864732107,0.22131964613616426,-0.31207265160038467,-0.25973317219027114,-0.2548105843094496,-0.25449391660787996,0.08164741116678395,0.09369038742971707,-0.001385329087580843,0.021608718893283585,0.12722425412192234,-0.2095677653148585,-0.18627705232040492,0.26324270595380167,-0.1919954909784444,-0.25630235610938984,0.14361553624312212,0.06531155921478916,0.11897601454336662,-0.3605104921929956,0.07618087210844353,0.2041817098842585,-0.14782084083517022,-0.1329846630236831,-0.36047094702333304,-0.16418609609283,-0.34856882132203715,-0.07859573314750164,-0.31618763420435003,-0.12375050649370858,0.4552674727503315,-0.29008340608386746,0.13968957117416503,0.06812965435225087,-0.11826177767022669,0.13828497715882787,-0.299423426936568,0.13669258130039494
0.06564136776964093,0.029778719472867275,-0.12762323477266674,0.21180731184132057,-0.018933105443560125,0.9999999999999998,0.5002261305266527,0.35670390214588643,0.30068147440604154,-0.27138976040869656,-0.052572919767637984,0.44086294750294486,0.31950786904843054,0.08747846817016125,-0.12338741409791093,0.24721212855306177,-0.025652438636562698,0.1330897439698226,0.12504750949536023,-0.307583225957509,-0.2990494628436591,0.0558112574152996,0.14701160032500363,0.009127805285595543,-0.03384380948997561,-0.27680627376619527,-0.07110483518760366,-0.21625968567664192,-0.19748868611157996,0.30055429225751307,-0.02039475754743869,0.054957256699580244,0.06802493157261585,0.05169911264747655,-0.07877015657959592,-0.30970219772799557,0.2768254110191699,0.221439285400936,-0.15796170180241983,-0.32049064416128203,-0.28718641226256497,0.23552649028621359,0.17432352147906738,-0.12333600874119749,-0.2700955819932732,-0.19654869776462253,0.20235733914561843,0.21729473064558735,0.2412620073462132,0.24548237945322984,-0.1438407426304519,-0.13791780027301936
0.022943871073067078,-0.12903201851442517,0.041552757756935454,0.5390378414348309,-0.0200361439159015,0.5002261305266527,0.9999999999999998,0.1266134943891053,0.19741760525670154,-0.023051477164859537,0.03437912130903156,0.294532267115431,0.12470896318297674,-0.03496302087309035,0.12115411734806349,0.13621398657751713,-0.21529397035275954,0.2815224272692233,0.2702250837533994,0.1768334271193787,-0.3962596286450307,-0.11088113164418628,0.013896047711334895,-0.14062937367266692,-0.12909467347383966,0.05765774260541052,0.32228803128399186,-0.09852338012393241,-0.2927794314728853,0.13923207232293003,-0.1232216467290758,0.21028953059149058,-0.11355438891136602,-0.04848066665278331,0.03563606901282266,-0.2486387232236748,0.09485477571395823,0.034541009951551266,0.1264235746428512,-0.2031199118572214,-0.18087223463835028,0.03352546324286315,-0.15691726895726038,-0.2601968803064389,-0.3807774403463253,-0.26796514862168486,0.09406960711275081,0.10198699868248985,0.08461071027053788,0.1525104967762992,-0.2600762626906896,-0.011465584996453611
-0.24544407444599847,0.24305122688052222,-0.5304335357928874,0.21732306073290336,-0.18915544249831323,0.35670390214588643,0.1266134943891053,0.9999999999999998,0.3221743552994929,-0.4988285066620932,0.3219990962834688,0.41239466271763936,0.8559834330765104,0.2241781418245243,-0.21300226678626805,0.18063942394880717,-0.21356117374724676,0.22586631295852963,0.20427735003496117,-0.23026091253408051,-0.19980254254865415,0.22296193289943295,0.17754551457498352,0.1131563138496359,-0.1797719775157258,-0.26485057895943387,-0.13200474747435464,-0.5078129965500501,0.0972176078589454,0.7938717378118553,-0.18406055388226353,-0.13134364930021383,0.1275124148282415,-0.2579949513268749,-0.13211480758249855,-0.44141361662575396,0.7842711855803542,0.5658312349158552,-0.1521832589096054,-0.35628452265350397,-0.07381460675291976,0.6359245735276535,0.13937266523928063,-0.1303962570039635,-0.35546159650089265,0.07454605951867599,0.33667101123760185,0.3832553669714843,0.6713033484030024,0.28995217105349547,0.16531121268608867,-0.2373553882052934
-0.08550099592891662,-0.010823868098039528,-0.23079612951155412,0.1340027156123082,-0.042451455609769304,0.30068147440604154,0.19741760525670154,0.3221743552994929,1.0000000000000007,-0.1754007648747024,0.00033371548702758325,0.43084168834941106,0.2609767398833571,0.08416648300336733,-0.09752564592931952,0.15148584155894446,-0.08255136231727371,0.09889096533352287,0.08130226913903066,-0.16508868002230057,-0.13322838339766774,-0.005459596753276695,0.009244587400097953,-0.05555654095564291,-0.1443416343176922,-0.16497225217257497,-0.03978644055510132,-0.2612287327742476,0.07632439063666724,0.282721979296307,-0.1408886771690928,-0.03654815088722752,0.3205259278814794,-0.0959815847739533,-0.018848749223749323,-0.23578778298140401,0.2636624229809033,0.13374213134249216,-0.11508401591658529,-0.19808621432996057,-0.05678507978015798,0.17248756211431732,0.017599690946477252,-0.0746468359287367,-0.19882994246745178,0.03185855071393172,0.08413961780788673,0.10327173618099433,0.24679153156526235,0.12375641797110615,0.07185260442388242,-0.0946653875667744
-0.07559013820155717,-0.3204633419567995,-0.0029430788871555452,0.253558568033339,0.0333662552488672,-0.27138976040869656,-0.023051477164859537,-0.4988285066620932,-0.1754007648747024,1.0000000000000004,-0.13473811390949678,-0.17571583775041497,-0.45617705547560927,-0.18735616432857727,0.062089883916998316,-0.2148213240518765,0.2122183056069387,-0.09114844889891595,-0.1022978557639963,0.2248809532944016,0.6835720233714735,-0.3838114187322651,-0.19124768744800463,-0.22643031795789015,-0.1053494462666449,0.1281055292619762,0.09811164574078582,0.09914054376294587,0.36320752802919876,-0.43321810362958696,-0.156291854401663,-0.16122141312403332,-0.2963880798794381,0.20272802846833582,0.04371931202284479,0.21192589240781104,-0.39562337634319594,-0.42174428377129114,0.12024167246709949,0.3707001645220611,0.20928942400836553,-0.4350858521910997,-0.022894000850049022,0.31903182566013993,0.39822305995574375,0.07052945345120859,-0.42596020579320765,-0.4299721829970956,-0.35510679083536445,-0.3310560303257019,0.1400332938334715,-0.011521404893352785
-0.36945070258138096,-0.0847972427762905,-0.3517682846361445,0.10340805794642409,-0.3935184777968845,-0.052572919767637984,0.03437912130903156,0.3219990962834688,0.00033371548702758325,-0.13473811390949678,1.0000000000000007,0.03123135600389239,0.23559334874546545,-0.1333565178129682,0.07123162628387086,-0.15817138131280786,0.02166131814254417,0.11346507047909181,0.0719436726995874,0.44272118542221683,-0.0530981540301987,-0.2690130839166487,-0.14595673554365102,-0.0801668447111906,-0.3071455443817616,0.1731717038548899,0.014555462971469407,-0.3398061301493863,0.1826465678233799,0.23261140593686724,-0.4257817239297682,-0.28136675271854666,-0.07809821185256949,0.1318134659498465,-0.06570997377029722,0.10545319510804813,0.2563469059736598,0.12338665122110308,0.6832643329292518,0.27196770983148416,0.49360779021838463,0.14458290177202143,0.24338274931856196,-0.09086612080510817,-0.20418585806292233,0.22378319952372228,-0.14679527596506775,-0.038464409761446626,0.1585628614464914,-0.051945996298053215,0.16623000508315935,-0.2019415706004326
0.0037420802131845447,-0.035937134425547364,-0.27235303677851386,0.2941373769209975,-0.010211693827293991,0.44086294750294486,0.294532267115431,0.41239466271763936,0.43084168834941106,-0.17571583775041497,0.03123135600389239,1.0,0.36820067977498017,-0.009045707422852434,-0.01955448410714399,0.21685931844928813,-0.19018343384149922,0.21429946401324834,0.20300617722717995,-0.16883882461988375,-0.20441946393395982,-0.03278319368211147,0.036009318135906694,-0.06462682125046441,-0.18635343627034404,-0.13494580570239084,0.01541200620155021,-0.26941849813015273,0.021572962724125226,0.3424786510563078,-0.1868307186143729,-0.011069820166890527,0.0265531751164073,-0.15438150612757723,0.024476248160334606,-0.32337951761872596,0.3769272830020175,0.302921634801961,-0.07026575376061849,-0.3019193241082646,-0.1316360635255185,0.3213572659688657,-0.06251571589740412,-0.1371650274687551,-0.24242830421079556,-0.05666661691455554,0.11238042781249802,0.10932147673555469,0.3511245893726185,0.150236527399628,0.04397106381636132,-0.13665802920076828
-0.27068178634168216,0.19660513836352028,-0.48493835657889534,0.18548224150537942,-0.171756700179057,0.31950786904843054,0.12470896318297674,0.8559834330765104,0.2609767398833571,-0.45617705547560927,0.23559334874546545,0.36820067977498017,0.9999999999999984,0.18069774248016698,-0.23248717259400115,0.09617945881961021,-0.23166547017335476,0.15362849732947054,0.3802904587400743,-0.2549917319070146,-0.19055145015107028,0.2153717193862693,0.22375199975897636,0.22854610774988662,-0.11179733390361371,-0.289076190947695,-0.17459913894945953,-0.47534397701055486,0.07599144215353816,0.7873786117808671,-0.09361877169408983,-0.03233086180019898,0.1175211138022691,-0.30030032136650264,-0.1555179275459025,-0.41247142652638963,0.8361308923926406,0.6527154109274265,-0.19751143979604238,-0.29963053342563706,-0.10430118821315798,0.5268279276432997,0.06869794250631095,-0.07900392746413407,-0.34680467589396635,0.012103557373275937,0.4224529822357461,0.31120537321483516,0.6266400918763448,0.3642963990099728,0.10831978936937811,-0.2733890728460435
0.09013210362826862,0.16571679909648052,0.0018530733994834847,-0.028844451104029667,0.08083585293242121,0.08747846817016125,-0.03496302087309035,0.2241781418245243,0.08416648300336733,-0.18735616432857727,-0.1333565178129682,-0.009045707422852434,0.18069774248016698,1.0000000000000002,-0.16335088595818645,0.1023196929881739,-0.11520339814702643,-0.08808989803561729,-0.09026761480235668,-0.23927461324687624,-0.08077212693091954,0.17555714580989562,0.10326755417224874,0.1207232544781181,0.0762221712127028,-0.19379724768335194,-0.11211434332469547,-0.0011418483105360838,-0.11811293440769285,0.1615630147269144,0.08995998914779428,-0.05523216567145869,0.09568328947568897,-0.23545458982359144,-0.0817816150092191,-0.1884169300215986,0.15769171867647425,0.1596713105419411,-0.27636143247375644,-0.2553498337214163,-0.26147744081678137,0.18971970445215874,-0.07180763928499265,-0.08071692695193303,-0.03138058159859869,-0.10408078785200356,0.14457472904489457,0.17291440109058231,0.11114596198737323,0.11016602728397656,-0.10121297603016872,-0.09324654142268893
0.02996045540775564,-0.35095561597761415,-0.042620740228013,0.2390430973804699,-0.1895079864732107,-0.12338741409791093,0.12115411734806349,-0.21300226678626805,-0.09752564592931952,0.062089883916998316,0.07123162628387086,-0.01955448410714399,-0.23248717259400115,-0.16335088595818645,1.0000000000000004,-0.3287089451820405,-0.21237951777202324,0.5608456440524661,0.4686282580360112,0.42445669927852947,-0.2331012701238769,-0.31627163857806895,-0.2540697884557167,-0.36636789941133463,-0.3008938092051555,0.8508600073634494,0.7851271238683546,-0.002109812819017642,-0.08034484064174446,-0.15895441083765327,-0.290775123529456,0.3599815667654096,-0.23591514118962645,0.18541617723835965,0.25936062771644286,-0.1123271908775604,-0.20003686268553147,-0.05014787404722175,0.5258422200035863,-0.03767766456807643,0.06842549479215235,-0.055266367719303336,-0.287033879594836,-0.2420419972743827,-0.2663113544443527,-0.20709016589033408,-0.17315327064496525,-0.16498279926463105,-0.12429064966112405,-0.2560700859017431,-0.10230320173290931,0.1312881718080389
0.2248720725455116,0.3177713305172917,-0.003462068767156439,0.10688303265744173,0.22131964613616426,0.24721212855306177,0.13621398657751713,0.18063942394880717,0.15148584155894446,-0.2148213240518765,-0.15817138131280786,0.21685931844928813,0.09617945881961021,0.1023196929881739,-0.3287089451820405,0.9999999999999998,-0.07152285243190504,-0.06167888965091717,-0.1188407305174628,-0.26711835975742215,-0.23689072939255312,0.29048412562564907,0.09749994060405132,0.05384262263630342,0.1626630026688503,-0.382757382528353,-0.20876547741088455,0.0015257436629716372,-0.2693480038531517,0.1718924126972281,0.15482591307183852,-0.0915185402533833,0.17859898020499318,-0.13322054810873707,-0.16798130571644895,-0.14348679672573428,0.14339817665312965,0.07730485103500218,-0.2630361317411212,-0.3038725878405817,-0.2995362895753346,0.11222500175231359,0.015131890274083196,-0.1389777142359444,-0.05922516066374661,-0.0856436020029045,0.05349108581566207,0.1082252873870079,0.17052453468242063,0.07450536044450812,-0.1517231627838549,0.351514819094696
-0.3502787012781197,0.044926245925009364,0.0040522380965397255,-0.17725833527845372,-0.31207265160038467,-0.025652438636562698,-0.21529397035275954,-0.21356117374724676,-0.08255136231727371,0.2122183056069387,0.02166131814254417,-0.19018343384149922,-0.23166547017335476,-0.11520339814702643,-0.21237951777202324,-0.07152285243190504,1.0000000000000002,-0.30112024252543945,-0.3200237448862308,-0.10366089688880631,0.2570503650476642,0.007080089647120043,-0.029618351307099895,0.032850136872116326,0.10292957295718322,-0.14627793503538244,-0.21768319990929696,0.016063382491772665,0.20592942442892864,-0.19555458735139203,0.08337795919438379,-0.3623174033448821,-0.10748933082691664,0.4450855582966037,-0.4127853137136487,0.3004171980356136,-0.22054771053059247,-0.42405315592893483,-0.06062918383730695,0.37031770246515044,0.2747815282249437,-0.4390593056759974,0.5357356238105296,0.3255614284871657,0.18697934945309935,0.35020310150402545,-0.2977909819477753,-0.32200830058030366,-0.11442851845162352,-0.42407982136144295,0.21608880431066985,0.03139932518218376
-0.12650800869979037,-0.161133540204799,-0.34104945539031506,0.5481096099940617,-0.25973317219027114,0.1330897439698226,0.2815224272692233,0.22586631295852963,0.09889096533352287,-0.09114844889891595,0.11346507047909181,0.21429946401324834,0.15362849732947054,-0.08808989803561729,0.5608456440524661,-0.06167888965091717,-0.30112024252543945,1.0000000000000004,0.8729579936759007,0.4266539955127012,-0.4094308841806066,-0.13653008847111875,-0.222223651864667,-0.2538081076923863,-0.3667020414724854,0.42226334572163393,0.6234423215179252,-0.2501610098824828,-0.15167693692031292,0.20962281397702134,-0.35526054166245236,0.4303480448437861,-0.1474423410693484,0.29182000095914973,0.2606011939065048,-0.44700870637661727,0.14733856481958868,0.14442718663213114,0.5830140017056782,-0.3153362791507213,-0.04712940126431893,0.19760489243496748,-0.19639105841912768,-0.33899108009671225,-0.505157269164711,-0.18505664994782006,-0.12408454341607578,-0.11738553682236783,0.20052729977614042,-0.03666650682767235,-0.02522777672416831,0.27624047919923533
-0.17455991792839537,-0.17318390815633775,-0.340211908986937,0.49048862363486234,-0.2548105843094496,0.12504750949536023,0.2702250837533994,0.20427735003496117,0.08130226913903066,-0.1022978557639963,0.0719436726995874,0.20300617722717995,0.3802904587400743,-0.09026761480235668,0.4686282580360112,-0.1188407305174628,-0.3200237448862308,0.8729579936759007,0.9999999999999998,0.34657641196010935,-0.3892130102221347,-0.10732043522333085,-0.13704560664403959,-0.11675751303139215,-0.29940911761647004,0.33718218618122664,0.5223166732292166,-0.2659311224208705,-0.1442254797325966,0.29871927660241887,-0.2628073013726514,0.4718907408139372,-0.13510116127823782,0.20100940310812634,0.1961148233683236,-0.43050990043174464,0.28116093927710256,0.28679914966143455,0.4820945025042762,-0.27036049135827345,-0.07472348537279436,0.15002068391710208,-0.2243620505555208,-0.26846380189603447,-0.5078508820086821,-0.21877257236830389,0.003188615919456874,-0.13898479489377338,0.21717862640854937,0.06862318088019088,-0.048184678427562425,0.1884791142410904
-0.19936614945977904,-0.2564478424567006,-0.08904074049503638,0.3311437800857739,-0.25449391660787996,-0.307583225957509,0.1768334271193787,-0.23026091253408051,-0.16508868002230057,0.2248809532944016,0.44272118542221683,-0.16883882461988375,-0.2549917319070146,-0.23927461324687624,0.42445669927852947,-0.26711835975742215,-0.10366089688880631,0.4266539955127012,0.34657641196010935,1.0000000000000007,-0.12381483039265928,-0.3692142004768387,-0.3401497863159576,-0.26419486859052577,-0.2979370018162398,0.6172340922504357,0.5004512332875867,-0.03463089193046653,-0.000763490142483135,-0.21329911443592148,-0.37648407090863634,0.0931054423305463,-0.18501044302258457,0.3593898935654235,0.1884177916682911,0.021382101941860285,-0.19420741786435455,-0.1611678477820505,0.7445479496658516,0.13662019029509168,0.2448980553444836,-0.1282491820820787,-0.03187007315405374,-0.23075802309670568,-0.20315395738326733,-0.005985130630637933,-0.364185275400805,-0.29962075421782935,-0.1787663926836547,-0.1981382597137531,-0.03874192855065913,0.2098518755554218
-0.10191832895371765,-0.11724606908847551,-0.09746450446331215,-0.37189875457008226,0.08164741116678395,-0.2990494628436591,-0.3962596286450307,-0.19980254254865415,-0.13322838339766774,0.6835720233714735,-0.0530981540301987,-0.20441946393395982,-0.19055145015107028,-0.08077212693091954,-0.2331012701238769,-0.23689072939255312,0.2570503650476642,-0.4094308841806066,-0.3892130102221347,-0.12381483039265928,1.0000000000000009,-0.19628384584377695,-0.024462809427232522,-0.012055597548956291,0.0037245631913020542,-0.10822887440523928,-0.3127842982449862,-0.10967370938541281,0.6096949157501961,-0.19837487947556923,-0.05129126333705497,-0.37013029925970065,-0.10263472820734822,0.010887481016428082,-0.0849980688429191,0.26645835563698583,-0.1517703799541979,-0.26580767633460844,-0.1819281407133208,0.4170419959754279,0.22485409101286746,-0.2442397869013509,0.15951915006499118,0.47980006046125534,0.6359003985092424,0.2222745414662768,-0.21920271759044463,-0.18363163426841758,-0.19037507183123686,-0.18517880499030343,0.25258663404842013,-0.20194177510445155
0.022356407578908933,0.6128627222326746,0.10167717063460426,-0.16794802951653817,0.09369038742971707,0.0558112574152996,-0.11088113164418628,0.22296193289943295,-0.005459596753276695,-0.3838114187322651,-0.2690130839166487,-0.03278319368211147,0.2153717193862693,0.17555714580989562,-0.31627163857806895,0.29048412562564907,0.007080089647120043,-0.13653008847111875,-0.10732043522333085,-0.3692142004768387,-0.19628384584377695,1.0000000000000002,0.10277241389678932,0.4608087675004645,0.30471162592655265,-0.32097280988805804,-0.28438983966156733,0.09248223537756273,-0.21840385212926958,0.19504623893885387,0.5617426626461568,-0.0952533752443503,0.1484099587930959,-0.10131513949075545,-0.24417833633661057,-0.24668504699003252,0.15221190284511157,0.1345075145371879,-0.4245329640813136,-0.3091625341994,-0.34606603635979716,0.17331469281856235,0.12079682168035127,-0.15960787073620974,-0.14368915372753188,-0.01957138479335209,0.13238382614608235,0.09666254152525679,0.11424954213237615,0.24803554700134328,-0.15801736936695182,0.15837072395707186
-0.03733094408741134,0.1458910089330848,-0.05591438637736224,-0.12599004510211428,-0.001385329087580843,0.14701160032500363,0.013896047711334895,0.17754551457498352,0.009244587400097953,-0.19124768744800463,-0.14595673554365102,0.036009318135906694,0.22375199975897636,0.10326755417224874,-0.2540697884557167,0.09749994060405132,-0.029618351307099895,-0.222223651864667,-0.13704560664403959,-0.3401497863159576,-0.024462809427232522,0.10277241389678932,1.0000000000000009,-0.014888542860485698,0.7530838864337354,-0.31904661289460934,-0.22024131025300603,-0.11286835987623726,-0.17500309241198858,0.19351746697191097,0.7369148992647018,-0.1729896818320978,0.06012439488667691,-0.27412754465064415,-0.22965012011062885,0.06999700931921864,0.18207328810178386,0.18087883978604946,-0.3622332497457571,0.011294339410032866,-0.31913944432391317,0.11596651528950241,-0.04283500141534083,0.2585879621205827,0.0077951897441736195,-0.15167181841821764,0.08792209582160432,0.13419611750776844,0.15557462726435803,-0.06537290683114713,-0.21353086296978674,-0.1578536182132777
0.1169069270892403,0.46471743162548773,0.2700887624830065,-0.2205577840271366,0.021608718893283585,0.009127805285595543,-0.14062937367266692,0.1131563138496359,-0.05555654095564291,-0.22643031795789015,-0.0801668447111906,-0.06462682125046441,0.22854610774988662,0.1207232544781181,-0.36636789941133463,0.05384262263630342,0.032850136872116326,-0.2538081076923863,-0.11675751303139215,-0.26419486859052577,-0.012055597548956291,0.4608087675004645,-0.014888542860485698,1.0000000000000002,0.2102660940766436,-0.3521827032936431,-0.35519552173763724,0.2520940291399966,-0.1996707860073258,0.19844052371676227,0.22174703850823516,-0.09852329513951577,0.2642207621047522,-0.23054777178930136,-0.2740922169229634,-0.2170995235148947,0.12799977669890714,0.08955722978593958,-0.29223092050434063,-0.2723898728618672,-0.266566559120233,0.057218522783320624,-0.009764345566543608,-0.2087761843197802,0.07691806312024764,-0.056794100334270625,0.18141040105276235,0.12974553579833506,0.06477590314558633,0.47885244470834376,-0.1916304922216334,-0.16793086958021852
0.07152392327719118,0.5700637872318639,0.28148832948175684,-0.2835157729913835,0.12722425412192234,-0.03384380948997561,-0.12909467347383966,-0.1797719775157258,-0.1443416343176922,-0.1053494462666449,-0.3071455443817616,-0.18635343627034404,-0.11179733390361371,0.0762221712127028,-0.3008938092051555,0.1626630026688503,0.10292957295718322,-0.3667020414724854,-0.29940911761647004,-0.2979370018162398,0.0037245631913020542,0.30471162592655265,0.7530838864337354,0.2102660940766436,1.0000000000000022,-0.3062918149355494,-0.2623736799838753,0.22780455393553328,-0.3124411715906661,-0.11997557463838066,0.8560296180038101,-0.21710982317865712,0.12049139956868435,-0.18465138905746392,-0.27356992897192506,0.14966876147954816,-0.13889399460001456,-0.11049123345445164,-0.37897006665379795,-0.014587625153688687,-0.3903291248451669,-0.15322133828598591,-0.05945861607876948,0.15219117798133092,0.16367139885966828,-0.16656853470509297,-0.08545946119524901,-0.036734683566740665,-0.11024070351650715,-0.12530643317946072,-0.33847622261784954,-0.037887437759051526
-0.07725513408085523,-0.3227467459859146,-0.038426822132253326,0.1456238360234234,-0.2095677653148585,-0.27680627376619527,0.05765774260541052,-0.26485057895943387,-0.16497225217257497,0.1281055292619762,0.1731717038548899,-0.13494580570239084,-0.289076190947695,-0.19379724768335194,0.8508600073634494,-0.382757382528353,-0.14627793503538244,0.42226334572163393,0.33718218618122664,0.6172340922504357,-0.10822887440523928,-0.32097280988805804,-0.31904661289460934,-0.3521827032936431,-0.3062918149355494,0.9999999999999996,0.6983457341318859,-0.014527261708000686,0.017837755412758474,-0.22710353269313946,-0.31542059955088164,0.22484700975835492,-0.2191341520508669,0.28787230587396595,0.1714550049339952,-0.03187735443269382,-0.21666372837996623,-0.12165417722271724,0.5540438215993806,0.0482779435353803,0.15848155002293338,-0.13157326293419117,-0.12760340088536679,-0.220719599230001,-0.1691398740406914,-0.061873352644961944,-0.26119540383537987,-0.234242857346932,-0.19993765188067764,-0.2884737691627298,-0.05988799037132954,0.13822008296084914
0.020438126061255862,-0.27222141903523955,-0.03947894422954105,0.42955857998309366,-0.18627705232040492,-0.07110483518760366,0.32228803128399186,-0.13200474747435464,-0.03978644055510132,0.09811164574078582,0.014555462971469407,0.01541200620155021,-0.17459913894945953,-0.11211434332469547,0.7851271238683546,-0.20876547741088455,-0.21768319990929696,0.6234423215179252,0.5223166732292166,0.5004512332875867,-0.3127842982449862,-0.28438983966156733,-0.22024131025300603,-0.35519552173763724,-0.2623736799838753,0.6983457341318859,1.0000000000000004,0.006396814158341995,-0.15274292956254265,-0.06765011983169465,-0.27989180859103807,0.3741909489301142,-0.21586365845416233,0.06520162161683044,0.2889529260852325,-0.15583669589700133,-0.19191522225477228,-0.09309690864780158,0.48058980615738234,-0.08381195742853953,-0.018616443704948228,-0.06025155318911582,-0.41925222705007903,-0.27538259823269606,-0.3356702279654896,-0.3141865917747919,-0.1765045232056574,-0.17725252937371433,-0.042941619375899624,-0.2596911773876758,-0.13503964236725247,0.1816800444966032
0.4047541743164148,0.13573294672730316,0.9339603501104095,-0.09394724618048289,0.26324270595380167,-0.21625968567664192,-0.09852338012393241,-0.5078129965500501,-0.2612287327742476,0.09914054376294587,-0.3398061301493863,-0.26941849813015273,-0.47534397701055486,-0.0011418483105360838,-0.002109812819017642,0.0015257436629716372,0.016063382491772665,-0.2501610098824828,-0.2659311224208705,-0.03463089193046653,-0.10967370938541281,0.09248223537756273,-0.11286835987623726,0.2520940291399966,0.22780455393553328,-0.014527261708000686,0.006396814158341995,0.9999999999999988,-0.31476919172336826,-0.5065348709616284,0.20520153331769828,0.17209605225772956,0.08665988120387397,-0.2068602387727805,-0.026454544703573418,0.0602564948790338,-0.5162935271954665,-0.32382298160504197,-0.13890056902903702,-0.15198512387353844,-0.29853125755857796,-0.28812092447467663,-0.35291095523771726,-0.2388223685986906,0.161985760495912,-0.2946907724792306,0.025896339173264872,-0.007155720021856327,-0.38952066787323025,-0.06046627437916924,-0.40175029686392555,0.003537190817924879
-0.2811573080550144,-0.21770511406959475,-0.3479907461940407,-0.14774747678457228,-0.1919954909784444,-0.19748868611157996,-0.2927794314728853,0.0972176078589454,0.07632439063666724,0.36320752802919876,0.1826465678233799,0.021572962724125226,0.07599144215353816,-0.11811293440769285,-0.08034484064174446,-0.2693480038531517,0.20592942442892864,-0.15167693692031292,-0.1442254797325966,-0.000763490142483135,0.6096949157501961,-0.21840385212926958,-0.17500309241198858,-0.1996707860073258,-0.3124411715906661,0.017837755412758474,-0.15274292956254265,-0.31476919172336826,1.0000000000000009,0.04347913972057462,-0.3228630319079651,-0.26270693988425997,-0.10160227383988588,0.016463179140088633,0.06258724364442328,0.0950265128477755,0.0564802992316482,-0.0205212107326574,-0.001557442378136343,0.27842503635592214,0.4681268296502934,-0.004548562060730801,0.16143796968909035,0.2730368747923756,0.19823451476734733,0.3981147902215746,-0.10033814941977162,-0.09756081199218955,0.0505599501915983,-0.18022049765644851,0.5321109063684418,-0.24858021661496102
-0.20686158199328109,0.15902105524010168,-0.4984542415203841,0.16440512985803907,-0.25630235610938984,0.30055429225751307,0.13923207232293003,0.7938717378118553,0.282721979296307,-0.43321810362958696,0.23261140593686724,0.3424786510563078,0.7873786117808671,0.1615630147269144,-0.15895441083765327,0.1718924126972281,-0.19555458735139203,0.20962281397702134,0.29871927660241887,-0.21329911443592148,-0.19837487947556923,0.19504623893885387,0.19351746697191097,0.19844052371676227,-0.11997557463838066,-0.22710353269313946,-0.06765011983169465,-0.5065348709616284,0.04347913972057462,1.0000000000000004,-0.0921697899258195,-0.06070439643156355,0.09418803388055952,-0.21516194212123907,-0.1384897381817911,-0.4122477428316332,0.7960106207073654,0.5664670562192822,-0.12352947507061443,-0.28444157510526236,-0.07944822860106276,0.4505128328721889,0.07762569353554305,-0.10462106406181722,-0.35623039201895,0.022132486157809703,0.2923662897373861,0.25316847964520967,0.5938613189020922,0.35656244624684663,0.10750692950369423,-0.1875452289767621
0.1070311424844989,0.3585723070228579,0.26780112615382023,-0.30065347426685657,0.14361553624312212,-0.02039475754743869,-0.1232216467290758,-0.18406055388226353,-0.1408886771690928,-0.156291854401663,-0.4257817239297682,-0.1868307186143729,-0.09361877169408983,0.08995998914779428,-0.290775123529456,0.15482591307183852,0.08337795919438379,-0.35526054166245236,-0.2628073013726514,-0.37648407090863634,-0.05129126333705497,0.5617426626461568,0.7369148992647018,0.22174703850823516,0.8560296180038101,-0.31542059955088164,-0.27989180859103807,0.20520153331769828,-0.3228630319079651,-0.0921697899258195,1.0000000000000024,-0.12293863733650048,0.08322290259086612,-0.1409590563252076,-0.26841584139440106,0.10465692062748155,-0.13755235845144426,-0.04736184013229925,-0.4628241404222819,-0.03327515427478073,-0.4266502901824341,-0.10189499043524197,-0.019488521747009446,0.14708919221497102,0.09658378409962284,-0.1618033331030268,-0.0018799895176238764,-0.01355116672788568,-0.1185279088482174,-0.02951366065194573,-0.3393572910656014,0.0873285257937396
0.37381642934100123,-0.2596222245033324,0.18387075909766262,0.12926235464851635,0.06531155921478916,0.054957256699580244,0.21028953059149058,-0.13134364930021383,-0.03654815088722752,-0.16122141312403332,-0.28136675271854666,-0.011069820166890527,-0.03233086180019898,-0.05523216567145869,0.3599815667654096,-0.0915185402533833,-0.3623174033448821,0.4303480448437861,0.4718907408139372,0.0931054423305463,-0.37013029925970065,-0.0952533752443503,-0.1729896818320978,-0.09852329513951577,-0.21710982317865712,0.22484700975835492,0.3741909489301142,0.17209605225772956,-0.26270693988425997,-0.06070439643156355,-0.12293863733650048,1.0000000000000013,-0.02062133381661834,-0.11825211272845249,0.35002674649047766,-0.3423892028344202,-0.0857911682535257,0.20723102869599852,0.12443491086945169,-0.39446084804668924,-0.3475880930232559,0.15075202703660748,-0.47827620674434995,-0.38643520223572636,-0.3060351071620274,-0.4463304023376302,0.6313154387123934,0.4857669664820027,-0.05462737720549418,0.2991781987482792,-0.3406836613800629,0.20936554005098526
0.1696213871830287,0.22048007683825724,0.1141238394118756,-0.19787314500961684,0.11897601454336662,0.06802493157261585,-0.11355438891136602,0.1275124148282415,0.3205259278814794,-0.2963880798794381,-0.07809821185256949,0.0265531751164073,0.1175211138022691,0.09568328947568897,-0.23591514118962645,0.17859898020499318,-0.10748933082691664,-0.1474423410693484,-0.13510116127823782,-0.18501044302258457,-0.10263472820734822,0.1484099587930959,0.06012439488667691,0.2642207621047522,0.12049139956868435,-0.2191341520508669,-0.21586365845416233,0.08665988120387397,-0.10160227383988588,0.09418803388055952,0.08322290259086612,-0.02062133381661834,1.000000000000003,-0.21770073945202512,-0.021135943008191764,-0.16666034156663817,0.09701051110947738,0.07357170692719557,-0.23376650589037298,-0.26349336834577486,-0.22575804971321523,0.12118054722213914,-0.05282379337640497,-0.20916366348142046,-0.0012833190917194523,-0.11052174633675776,0.18278652306006793,0.22723094466350408,0.06117470455869596,0.24678514827090917,-0.1511466077645713,-0.06397521841617929
-0.37469626929275507,-0.1773341116869507,-0.23782124657336984,0.08984409159657672,-0.3605104921929956,0.05169911264747655,-0.04848066665278331,-0.2579949513268749,-0.0959815847739533,0.20272802846833582,0.1318134659498465,-0.15438150612757723,-0.30030032136650264,-0.23545458982359144,0.18541617723835965,-0.13322054810873707,0.4450855582966037,0.29182000095914973,0.20100940310812634,0.3593898935654235,0.010887481016428082,-0.10131513949075545,-0.27412754465064415,-0.23054777178930136,-0.18465138905746392,0.28787230587396595,0.06520162161683044,-0.2068602387727805,0.016463179140088633,-0.21516194212123907,-0.1409590563252076,-0.11825211272845249,-0.21770073945202512,1.0000000000000004,-0.2047554461769945,0.08480880911605683,-0.23991424007972745,-0.38447839436823195,0.42314440997352054,0.2482995950577928,0.34308576654903444,-0.4001291478469879,0.7278307804436774,0.15620009149180436,-0.07037956875509921,0.43176006442139064,-0.5188158483519258,-0.5230174348307127,-0.17925980320480195,-0.3259060753012659,0.26838126860763734,0.34128205573128834
0.24508678665156064,-0.27375734001799434,-0.04404905928687332,0.08083207896716794,0.07618087210844353,-0.07877015657959592,0.03563606901282266,-0.13211480758249855,-0.018848749223749323,0.04371931202284479,-0.06570997377029722,0.024476248160334606,-0.1555179275459025,-0.0817816150092191,0.25936062771644286,-0.16798130571644895,-0.4127853137136487,0.2606011939065048,0.1961148233683236,0.1884177916682911,-0.0849980688429191,-0.24417833633661057,-0.22965012011062885,-0.2740922169229634,-0.27356992897192506,0.1714550049339952,0.2889529260852325,-0.026454544703573418,0.06258724364442328,-0.1384897381817911,-0.26841584139440106,0.35002674649047766,-0.021135943008191764,-0.2047554461769945,1.0,-0.10009774943296028,-0.08201628259655037,0.18676867782181228,0.18408924414445865,-0.03286652404859297,0.14079429843960956,0.2859693812902138,-0.4659715642417399,-0.07669076152252965,-0.14116687494841967,-0.18868774174189634,0.10149067151510191,0.15260596086202705,-0.1676399926947492,0.11865883613961761,0.13143995959291016,-0.015520195881990363
-0.15558491286329096,-0.18344642363189206,0.10418358938086393,-0.34320250142764086,0.2041817098842585,-0.30970219772799557,-0.2486387232236748,-0.44141361662575396,-0.23578778298140401,0.21192589240781104,0.10545319510804813,-0.32337951761872596,-0.41247142652638963,-0.1884169300215986,-0.1123271908775604,-0.14348679672573428,0.3004171980356136,-0.44700870637661727,-0.43050990043174464,0.021382101941860285,0.26645835563698583,-0.24668504699003252,0.06999700931921864,-0.2170995235148947,0.14966876147954816,-0.03187735443269382,-0.15583669589700133,0.0602564948790338,0.0950265128477755,-0.4122477428316332,0.10465692062748155,-0.3423892028344202,-0.16666034156663817,0.08480880911605683,-0.10009774943296028,0.9999999999999991,-0.4000163922969194,-0.42034594542295356,0.0507908532955253,0.6932538578266192,0.39291956770235087,-0.4547653761762006,0.12674871722688924,0.4457298514512035,0.5432284863760283,0.17685711550539496,-0.3270466523433997,-0.32728717290273246,-0.34619009532014944,-0.3739737047119321,0.12692094013128516,0.026469426339454726
-0.21037482846115535,0.15809053950727955,-0.5270039193048432,0.17371984491214226,-0.14782084083517022,0.2768254110191699,0.09485477571395823,0.7842711855803542,0.2636624229809033,-0.39562337634319594,0.2563469059736598,0.3769272830020175,0.8361308923926406,0.15769171867647425,-0.20003686268553147,0.14339817665312965,-0.22054771053059247,0.14733856481958868,0.28116093927710256,-0.19420741786435455,-0.1517703799541979,0.15221190284511157,0.18207328810178386,0.12799977669890714,-0.13889399460001456,-0.21666372837996623,-0.19191522225477228,-0.5162935271954665,0.0564802992316482,0.7960106207073654,-0.13755235845144426,-0.0857911682535257,0.09701051110947738,-0.23991424007972745,-0.08201628259655037,-0.4000163922969194,0.9999999999999996,0.6480539154643054,-0.14370866593664652,-0.30338715172471603,-0.07256796241680427,0.4950634585843432,0.09512173617655481,-0.08551867192074587,-0.31127073424593354,0.06233492915379921,0.32172724407020825,0.2799975484122861,0.6147573856719104,0.3428000027898591,0.12018944388911536,-0.24660670239001092
