0,1,2,3,4,5,6,7,8,9,10,11,12,13,14,15,16,17,18,19,20,21,22,23,24,25,26,27,28,29,30,31,32,33,34,35,36,37,38,39,40,41,42,43,44,45,46,47,48,49,50,51,52,53,54,55,56,57,58,59
1.0000000000000056,9.244212266143872e-08,0.9999999998868844,5.5572965126805474e-08,0.9999999999469421,1.5129898696427847e-07,5.380978967842279e-07,-2.3063856979459722e-07,1.1459574450472635e-08,0.4747719414095422,0.054840724371076004,1.4037070793923443e-08,-0.0011418338899350261,1.9717055345945552e-08,0.01922482128781675,9.801029140152395e-07,0.9922743487324976,7.130219577360828e-08,-0.0008576598954782499,0.04198493432535819,0.4747719609960675,9.274870599533074e-08,3.670908354838176e-07,-6.163376951778718e-06,3.683665231492987e-07,0.02007882529559676,0.03308497129489468,0.9999999998867546,-0.9997591425117814,-0.00101540965258237,3.683703142367637e-07,0.9999999999992129,1.1618411012371646e-08,0.00024710523594668863,1.504707621509677e-08,0.0016059449429363965,-0.0010308081357809135,-0.0011196058487837688,0.04150302219286124,7.067530564661819e-06,0.0016936606946852248,9.812647506795743e-08,0.0002460975724559825,3.0761703357007936e-07,-0.9996714130177089,-1.038406307682324e-05,0.9999999999992032,5.861891125419731e-07,-1.3093097892117654e-07,-0.0002259402017305232,-1.1816670341888804e-05,0.010973196547602733,6.798650119042149e-05,9.380876725235501e-08,-2.228329960783758e-08,0.019559082545995702,2.35042216630303e-09,-2.6680437147453982e-08,-1.3311065285502228e-07,-0.5695717826102479
9.244212266143872e-08,0.9999999999999993,1.5086747447422153e-05,-0.002917938627831509,7.934453584950858e-08,4.2139266791627674e-05,0.0001378510582152105,-0.0005974159758835258,4.5604491860443846e-05,0.00017063174448616293,-0.0015182553122855779,-0.0011544213503914377,-0.07956284327912476,0.14254954072773618,-0.0019007132903029224,0.009933168065509536,0.12400760444106118,-0.0033596887518749126,-0.06315522873033873,-0.0023643984900562714,0.000170914899865503,0.9999686599952881,0.0001813126685758176,0.9999281971911922,0.014365471125352981,-0.0017179260901816144,-0.002789350289772102,1.5086714593779367e-05,-1.232036253836885e-05,-0.2142032338072144,0.014364884999902705,-1.5753598492107052e-08,0.0020252626238041935,-0.004982072326324777,-0.00013568806187674442,0.006200759385649672,-0.0717227586813278,-0.07828394392928421,-0.0032046963222382417,0.0001856667380338378,-0.0005802493053718632,-0.0011531841143500173,-0.004045721050004684,0.0001853438603928478,0.00015814782306094403,-0.0011361474020366974,-1.4831653141564915e-08,0.0008676060030969543,0.05883263006038535,-0.015174154311064317,-0.0005567177765730244,0.0085569084397844,0.008527139536261398,0.9999878177824569,-0.0008333298935219426,0.006728857749323585,-0.0003708362710763504,0.007050466340450549,0.005053873428500772,0.002906624389594658
0.9999999998868844,1.5086747447422153e-05,1.0000000000000056,-2.296254871938557e-08,0.9999999998317575,2.4187215926899414e-07,4.124871909071625e-07,-2.1019195470031387e-07,9.440098182606667e-09,0.4747719434946222,0.05484076726287394,8.320942642574499e-08,-0.001143006105679717,2.144260064048302e-06,0.019224905429464624,1.3905097741446785e-07,0.992276208791335,-2.4640116743784817e-08,-0.000858647211646898,0.04198491631672544,0.4747719630903436,1.5086933103713277e-05,3.692448398989916e-07,8.830708563624798e-06,5.832071793298651e-07,0.020078960595329355,0.0330848650800967,0.9999999999999245,-0.9997591424345873,-0.0010186034328625076,5.832072176679977e-07,0.9999999998855984,3.375026265680583e-08,0.0002472547047034372,6.468753807526089e-09,0.0016057482653984122,-0.0010318793593953898,-0.0011208889210380388,0.04150297938164654,7.069856316701475e-06,0.0016936776658940348,-4.7998699721008763e-08,0.00024627741989575205,3.0993219485082505e-07,-0.9996714187516162,-1.0339642734293977e-05,0.9999999998856232,3.3025643052841914e-07,8.192968770822208e-07,-0.00022644995403679635,-1.1815711793982257e-05,0.010972307319755329,6.72714842791894e-05,1.5087214615321318e-05,-8.935053587527005e-08,0.019558393217271826,-1.510627292496533e-10,5.984301380170395e-08,-5.1968149424005315e-08,-0.5695717341898525
5.5572965126805474e-08,-0.002917938627831509,-2.296254871938557e-08,1.0000000000000002,-2.7987045103785738e-08,0.0630706225773238,0.1130267193588291,-0.02261109182374251,-0.013313675455966373,-7.103420240057312e-05,-0.05974721653884539,0.07633475518331564,-0.023763901208954264,-0.005462398239392708,0.27272346938481296,0.017150864909764883,-0.0006004435139555225,0.3822915420470714,0.33378477798182565,0.24930479699468808,-0.0001864675234961982,-0.0029867443715273223,-0.0001908473405553551,-0.0032677881708587015,-0.00023127952555554042,0.12249944991288031,0.401924647068168,3.8955327607851154e-08,-0.0002871358857859068,-0.024267646864318166,-0.00023208550088840889,1.045612091117962e-07,-0.015956186242552507,0.023551031199565316,0.003512902520950386,-0.012976996823342617,-0.011095360000251417,0.07198332075522737,0.22305784571788562,-0.0002062497155967269,-0.011397590853738468,0.07192184863353443,-0.10099366332023206,-0.0001984363879279275,-0.0003671826059575263,-0.027783377281202108,8.972930668633559e-09,0.006530435823939837,0.012751897720616693,0.01611865442215246,-0.009323917504843453,0.04001429291361654,0.06838298157486414,-0.0024255884742316472,0.06832448282603466,0.026246951323941527,-0.014078191173687667,-0.02453079075822405,-0.03009321127826932,-0.03580578430449981
0.9999999999469421,7.934453584950858e-08,0.9999999998317575,-2.7987045103785738e-08,1.0000000000000044,3.196178244501375e-07,3.0754291575543316e-07,-6.283602224103865e-07,4.632210771827634e-08,0.4747719752850891,0.0548404291704042,2.829260438238007e-07,-0.0011421194706442432,2.7714798339209195e-08,0.01922548950030658,3.248154173449537e-06,0.9922743465808258,4.797471536173339e-07,-0.0008572994298222538,0.04198523716026392,0.47477199486305366,7.971064920489571e-08,3.6651808900374826e-07,-6.177057792642503e-06,3.6764226133056226e-07,0.020079501020549395,0.03308533064430593,0.9999999998317123,-0.9997589256513744,-0.0010158362659605637,3.6764615466759194e-07,0.9999999999440803,2.8283827315933047e-08,0.00024752188265481453,9.934809483901938e-06,0.0016161392576990157,-0.0010313540387059334,-0.001119852845757911,0.04150324306537039,7.104466212496424e-06,0.0017035974453335854,-1.3570825938360865e-07,0.0002463163779487218,3.445213470448236e-07,-0.9996711528221871,-9.479874529501249e-07,0.9999999999439225,1.4495611486851374e-07,-3.8117923168138935e-07,-0.00022636259323703886,-1.897908792839414e-06,0.010975451688189048,7.028788796473485e-05,8.11539857733698e-08,9.080942038812166e-08,0.0195612308087946,9.536285313234427e-06,-7.77932036718205e-07,-8.423173155052142e-07,-0.569572197418888
1.5129898696427847e-07,4.2139266791627674e-05,2.4187215926899414e-07,0.0630706225773238,3.196178244501375e-07,0.9999999999999999,0.6037514454564942,-0.006509201395016744,0.019606286327376366,-4.0998850644578766e-05,-0.09761068219362612,0.3424688886366452,0.010806447751717099,-0.00034082351458307843,0.5654562176170128,-0.09439191883174819,-0.00025854689486633724,0.02526657040019608,0.03352022104255078,-0.06117330308759392,-4.920561095994736e-05,0.0001308935599594808,9.979057059928334e-05,0.00011241853294314492,0.00010099839234903961,0.5649911570004369,0.1288911419426439,-2.5548253752666774e-09,-0.0005785422686128391,0.01333194550164967,0.00010217594003622343,1.8207165604212476e-07,0.006334878660937912,0.657832254627981,-0.001349215280319178,-0.027422223046515266,-0.0005533322975513606,0.014358162199793346,-0.052861343486223344,-6.564833102665355e-05,0.018103602297930066,0.0035499046018427766,0.6469495577850696,-5.383784956085319e-05,-0.0006352848812685785,0.047772462193314255,1.7499619115595647e-07,0.18737133889243007,-0.008950177328388452,0.18183390122734433,-0.027297536959613396,-0.00599441053393648,0.28632894820458105,8.329871272321146e-05,-0.005125783148645868,0.2688320148936215,-0.004458218856835129,0.004022844203486146,0.02261350624624467,0.014568375034206927
5.380978967842279e-07,0.0001378510582152105,4.124871909071625e-07,0.1130267193588291,3.0754291575543316e-07,0.6037514454564942,1.0,-0.06292985091834118,0.01073418222701613,7.666590506113324e-05,-0.039139615929798185,0.2588673115054705,-0.03136280351812128,-0.0009838381168147763,0.48374402619608586,-0.06140211390063207,-0.0007445808307721696,0.08202970666024718,0.08228683728155013,0.05359872772833762,5.9918251414146376e-05,0.00012509828861558423,0.00016058682165642324,5.6173641012696196e-05,0.00016550536269708808,0.4760148764283381,0.20295515493705085,1.2343342136684034e-08,-0.000453936162528778,-0.012881025611942397,0.0001652972479778322,6.975036196337125e-07,-0.0038885708251467765,0.34673666805473985,0.003993036802792834,-0.016671336656204086,-0.026616103319292508,0.022537137172926183,0.05107161088175357,7.27103198585887e-05,0.015069335427874413,0.00514628123142289,0.3087078074816594,7.192569840025715e-05,-0.00045142483707793655,0.03074686935723317,6.603052309325217e-07,0.71141997135153,-0.03963367424535779,0.7033227151173541,-0.021559560286091413,0.009737138855474165,0.23047500283468092,0.00048056384989035627,-0.0015069890424904047,0.19459593091177174,-0.0019987190133568646,0.0007058208453524467,-0.022189416926388435,-0.012082190318513228
-2.3063856979459722e-07,-0.0005974159758835258,-2.1019195470031387e-07,-0.02261109182374251,-6.283602224103865e-07,-0.006509201395016744,-0.06292985091834118,1.0000000000000013,-0.0007027861812035585,-0.0009734150219515598,0.3375245897554148,0.041636448456231406,0.7294326369679485,-0.004655750393976687,-0.22771723437879327,-0.045100158743785035,0.00035720660388604885,-0.08199088045813431,-0.053766993362530435,-0.22002180150407674,-0.0009161212948785845,-0.0007623332731252498,-0.001144411863324863,-0.0009336357516113569,-0.0012065254974418572,-0.1987230445597256,-0.3293095647364067,-1.8736871919875949e-07,-0.0001562226159310993,0.6214842218822206,-0.001208661206304706,-1.508279823922745e-07,-0.0021429048921844424,-0.017058866615148622,-0.03863806891086844,-0.04036410024489472,0.6202986755873426,0.36122394806630537,-0.19175454065635908,-0.0010637892982152787,-0.01104901286548157,0.43544310774958894,0.18499676528535208,-0.0010467369259008438,-0.0010421319070999136,0.019530893983351606,4.4404062586877e-09,0.008259114603573328,0.4755572301094859,-0.01436786319812107,-0.007541001793565872,-0.11718810788947605,-0.14440278467512072,-0.0023504150590702433,0.36473722485072285,-0.12854183496525246,-0.013385840253230684,0.10918631739181289,0.0913281522971188,0.05385895802269512
1.1459574450472635e-08,4.5604491860443846e-05,9.440098182606667e-09,-0.013313675455966373,4.632210771827634e-08,0.019606286327376366,0.01073418222701613,-0.0007027861812035585,0.9999999999999986,-3.348451178591051e-06,-0.03950967909732542,0.16166271558445872,-0.0009058048373796956,0.2248107851873614,0.009277728977258187,0.009174602796903446,-3.8923251302861977e-05,-0.014828599952974364,-0.013516345920765426,-0.023987780259527056,-1.9065846189131168e-06,6.212402984424515e-05,-1.7664901795989052e-06,6.686224738002693e-05,-1.146033981870415e-06,0.008996394485252752,-0.013576324535664415,3.4748171735617336e-09,-2.96654825834898e-06,-0.00024874468575781036,-9.066315207140317e-07,1.7098387601441294e-09,0.9994168732631799,0.005656058410718465,0.00038064808776068867,0.0010730552000435456,-0.0005681115603284991,0.018755442674125215,-0.04092211774722883,-6.48026236152168e-06,0.00020350146823327185,0.021982353793853642,0.010321217938280036,-1.9037017326751984e-06,5.0157710397118505e-05,0.002738011026613177,4.8027390061867365e-09,0.005258068725405525,-0.002464577265373815,0.004805465348635749,-0.00037040316316907206,0.0016086398593922824,0.015278175101688832,0.00015281336486238864,0.019658098495142353,0.0018486744098358205,0.0015633132567454096,-0.0028860388752791045,-0.006999870972444696,-0.003433892937073774
0.4747719414095422,0.00017063174448616293,0.4747719434946222,-7.103420240057312e-05,0.4747719752850891,-4.0998850644578766e-05,7.666590506113324e-05,-0.0009734150219515598,-3.348451178591051e-06,0.9999999999999988,0.025197077635093847,-4.485625107395116e-05,0.06394665523298819,7.123384372469234e-06,0.009162073139983478,2.6483546041517087e-06,0.46948392190743793,2.4341169078644705e-06,0.048559499325561875,0.01971975345710605,0.9999999916470711,0.00017029849157303002,0.8800384522696457,0.0005185523513929286,0.879948653887031,0.009502258206079018,0.01576584568275673,0.4747719434555055,-0.47294349086280435,0.05619544494367067,0.8799486569842584,0.4747719546124658,-3.6250250221399e-06,1.4550981086015162e-05,0.0034573017847260843,0.004043518345593591,0.05763642433824662,0.06300318623168161,0.01946563788631817,0.8801118627559722,0.0042142713203228415,-0.00046222014977803004,-0.00016378090192812732,0.8801085493080923,-0.47289134054713944,0.0032016834986541808,0.4747719544784886,0.0014243058913606277,-0.0005815276741260163,0.01522598127698931,0.003424745363853922,0.005262930988210948,0.0001687070266987771,0.00017219464140738814,-0.0004353274251988411,0.009223910992859765,0.0033135638380765303,-0.00037536942479252805,-0.0003593904164072819,-0.26980937829923424
0.054840724371076004,-0.0015182553122855779,0.05484076726287394,-0.05974721653884539,0.0548404291704042,-0.09761068219362612,-0.039139615929798185,0.3375245897554148,-0.03950967909732542,0.025197077635093847,1.0000000000000004,-0.025000216628776356,0.2126277208031948,-0.011462850248118068,0.0031722512126762456,-0.028052977505336456,0.05483537209347988,-0.013076134125280907,-0.027870194707204112,0.4703386500911286,0.02522577942673732,-0.003034816725363985,-0.0010412546357994761,-0.0017340083005657294,-0.001081659375318557,0.08370860632353695,-0.0952000286068289,0.054840775973792236,-0.054877138585695706,0.19742710377233935,-0.0011031856408597895,0.054840763673470225,-0.038064106452662776,0.1438726639808539,-0.021807853278565284,0.0037090563488717384,0.2137912570333199,0.06231528894417521,0.5963784298296494,-0.0008558041349253719,0.017780918827904835,0.051668532245385396,0.2176631165166227,-0.0009355717761140556,-0.055244419028662464,0.03172933259594256,0.05484082005757374,-0.05047067914778544,0.14945608880065617,-0.05770048539413773,-0.0034991018433352685,-0.029677359604125687,-0.011501981668903125,-0.0027324063212199544,-0.03626423478152864,0.09860646343712418,-0.014921796031612908,0.03603593266946144,0.083010216945133,0.01806183875392451
1.4037070793923443e-08,-0.0011544213503914377,8.320942642574499e-08,0.07633475518331564,2.829260438238007e-07,0.3424688886366452,0.2588673115054705,0.041636448456231406,0.16166271558445872,-4.485625107395116e-05,-0.025000216628776356,1.0000000000000007,0.04367290140326826,0.03077186978520489,0.3642034396224205,0.004024397566620441,-0.0001438993051687005,0.041686567196301774,0.04778378820588131,-0.009962848083322021,-5.1246881632143243e-05,-0.0008178308674939213,-3.44658638975516e-05,-0.0007807574778405174,-5.32112994013536e-05,0.3591543950946991,0.11176054060918192,-1.6312014580857795e-08,-1.2424032838904186e-05,0.03422085220072612,-4.8389062435706894e-05,-3.467304513827476e-08,0.14896186452521093,0.28264077275050314,0.00023971574712041213,-0.005669692020376777,0.03583345362265115,0.046817436759616846,-0.006050229944078188,-5.3967937905342265e-05,0.02578279034274839,0.041969526993267864,0.2760479454213746,-4.814195649680868e-05,-0.00016853044275844158,0.06260576260448776,-3.8902111348164435e-08,-0.04359945578701036,0.18485857130568925,-0.034838738678473424,-0.0017658345161888488,-0.010090775063406568,0.17216240627354976,-0.0011138600509854445,0.04039206962707434,0.14349725313879474,-0.0008205979440183378,-0.06524329096052522,-0.0618347399635929,-0.03854478302026788
-0.0011418338899350261,-0.07956284327912476,-0.001143006105679717,-0.023763901208954264,-0.0011421194706442432,0.010806447751717099,-0.03136280351812128,0.7294326369679485,-0.0009058048373796956,0.06394665523298819,0.2126277208031948,0.04367290140326826,1.0000000000000004,-0.001719164881953987,-0.18200102361562412,-0.06564190558851508,-0.010914404065444444,-0.09532793596734174,0.2743434006261076,-0.20274167361449152,0.0639896783359124,-0.07937323168928327,0.07377875906900429,-0.078042521184294,0.07258914601061654,-0.16570146444041514,-0.2664902721326141,-0.0011429960284596722,0.0011995920295601295,0.719973936517701,0.07259177207329427,-0.0011417123981683536,-0.001384210799116133,-0.04704394497806631,-0.02847890039017659,-0.02815881276661597,0.7502167552210911,0.5786071363313868,-0.19186634371437994,0.07334530602562467,-0.008449724490993541,0.278938580784713,0.11313871214893559,0.07336800030711241,0.0005682883744815148,0.003680310910020852,-0.0011415798006223592,-0.028244463387472676,0.3593682119915261,0.062246746826611174,-0.005602834852246144,-0.12396243924714191,-0.144692106507879,-0.08136857747995987,0.3096265999824536,-0.13293601018056936,-0.01744437539874855,0.059649637677518574,0.040608823068944463,0.027021812067142024
1.9717055345945552e-08,0.14254954072773618,2.144260064048302e-06,-0.005462398239392708,2.7714798339209195e-08,-0.00034082351458307843,-0.0009838381168147763,-0.004655750393976687,0.2248107851873614,7.123384372469234e-06,-0.011462850248118068,0.03077186978520489,-0.001719164881953987,1.0000000000000004,0.14172666582553586,0.00394879421298455,0.017647438454549334,0.4350393830944832,0.3887306941620255,0.2971813981544685,7.459538371376102e-06,0.14255700334058757,9.270012387624634e-06,0.14241552726427822,0.00204905631652292,0.14736701356109755,0.2431022251854726,2.144232638749151e-06,2.99802240668313e-05,-0.052258971896104095,0.0020491433500427906,1.0507442871373758e-07,0.2239672369744731,0.13188342482826135,0.0030285736541626656,0.002328872812821745,-0.18170819973866045,0.00318577205629741,0.29193084540190034,7.210686334796967e-06,0.0011052519341435338,0.01615988654036893,-0.0023233598416244855,8.527693073305676e-06,6.402535546265226e-05,0.0018610080787297679,1.103089271647629e-09,0.00101461964722555,-0.09193282755205173,0.0018006923095002525,0.0014684773950955957,0.07882135627425117,0.0764649745023492,0.14264188327609903,0.06075265007286186,0.06938284020485197,0.0025196659264536355,-0.6414476032028018,-0.5434108730412642,-0.3140759352598091
0.01922482128781675,-0.0019007132903029224,0.019224905429464624,0.27272346938481296,0.01922548950030658,0.5654562176170128,0.48374402619608586,-0.22771723437879327,0.009277728977258187,0.009162073139983478,0.0031722512126762456,0.3642034396224205,-0.18200102361562412,0.14172666582553586,0.9999999999999996,0.008104275877203719,0.018486120964904817,0.4772652445867113,0.4087765414947337,0.367464958312193,0.009119375392901866,-0.001619504492261246,-6.964067612643006e-05,-0.0019588451366049724,-8.429533194053524e-05,0.9529820193415757,0.6517909015374672,0.019224733684098664,-0.018965136458412038,-0.14695534607940733,-8.054360852259038e-05,0.01922486300319404,-0.01104061555253205,0.6220678003506307,0.030334287634735148,0.02245436354736116,-0.21426519596783872,0.03053796549337978,0.41820526833487304,2.9953268504188202e-06,0.06537872455264107,0.03227953633471444,0.43204864675253174,-1.28932605067127e-05,-0.018726349620772697,0.1062408679389618,0.019224715836019524,0.021993227278058303,-0.14226360283547357,0.016358092367722267,0.01128642256752862,0.09116617920529602,0.40503929377713255,-0.0008480750975535658,-0.018725004813452115,0.3776330587703467,0.004198545163382711,-0.23067624322899954,-0.2074995742571081,-0.12746913344766864
9.801029140152395e-07,0.009933168065509536,1.3905097741446785e-07,0.017150864909764883,3.248154173449537e-06,-0.09439191883174819,-0.06140211390063207,-0.045100158743785035,0.009174602796903446,2.6483546041517087e-06,-0.028052977505336456,0.004024397566620441,-0.06564190558851508,0.00394879421298455,0.008104275877203719,0.9999999999999999,0.001194581155655119,-0.005903303752539627,-0.030284490495998854,-0.010980189524607829,-2.1471807050275876e-06,0.00985289293244907,-1.8388896582658513e-05,0.009345745978733186,0.00012020841880266452,-0.007887075933912597,0.015915833121238263,1.6665674040991852e-07,8.08605380626734e-05,-0.03540324111787429,0.00011916093792143269,-6.786305142303295e-08,0.009095080789090071,-0.03597383155537799,-0.0004651638021574957,0.2810957473642488,-0.05277212147559541,-0.025583089275504893,-0.005999773106237158,3.328663240367932e-07,0.004439017836450036,0.0003786080881327163,-0.041602009046232014,1.1708142777854478e-06,0.007809145998335361,0.010665703248754396,-7.386007285397844e-08,-0.06706523536836395,-0.013682610307272245,-0.07728573331959758,0.004551415541798982,0.9398312130627086,0.8566973849663743,0.010121215690629005,-0.0035128020701789744,0.8192731126396575,-0.0021643715285432756,0.007774614958655375,-0.011023144813150306,-0.01106467127465158
0.9922743487324976,0.12400760444106118,0.992276208791335,-0.0006004435139555225,0.9922743465808258,-0.00025854689486633724,-0.0007445808307721696,0.00035720660388604885,-3.8923251302861977e-05,0.46948392190743793,0.05483537209347988,-0.0001438993051687005,-0.010914404065444444,0.017647438454549334,0.018486120964904817,0.001194581155655119,1.0000000000000027,-0.0008555425574366785,-0.00923213651155923,0.041219508214133206,0.46948402279184387,0.12400760995619353,-0.0018454660904216708,0.12400055276145926,-8.634860970008887e-05,0.019481453616468386,0.031794103915222915,0.9922762090765902,-0.9920382394177883,-0.027450478113017047,-8.636131534894838e-05,0.9922743353888693,0.000213551051569312,0.0009353339952683283,-7.608617196694827e-05,0.002381689780257292,-0.009669970923933518,-0.011482287501162043,0.040744804478066984,-0.001834869826699934,0.0017233366400883634,-0.0008087862876584061,0.001230494574199661,-0.0018416809235095313,-0.9919324477917913,0.00017959099280298263,0.9922743356772439,-0.0007909868598215172,0.007882736149754802,-0.0030302449557036604,2.6063575797026294e-05,0.011742545604544031,0.0008521408608012975,0.12400129289082343,-0.0006078316442787357,0.020448062185622944,-2.3243054882463697e-05,0.0004946409005886268,0.0006702820265012419,-0.5648120717370311
7.130219577360828e-08,-0.0033596887518749126,-2.4640116743784817e-08,0.3822915420470714,4.797471536173339e-07,0.02526657040019608,0.08202970666024718,-0.08199088045813431,-0.014828599952974364,2.4341169078644705e-06,-0.013076134125280907,0.041686567196301774,-0.09532793596734174,0.4350393830944832,0.4772652445867113,-0.005903303752539627,-0.0008555425574366785,0.9999999999999999,0.8618988145527234,0.6476696336620732,-4.632582245860491e-05,-0.0029548658289145096,-0.0002552051224658222,-0.0036684263329962432,-0.00029788543441909836,0.416736779918084,0.774521066040489,-1.7507546458885547e-08,0.0008556050838190718,-0.08587607671121247,-0.0002922832583669183,2.6112529262330913e-07,-0.017079056301264266,0.2163437596845714,0.062073180402810374,0.038217032473563416,-0.24748581927803603,0.07735326791969604,0.7051435302313549,-5.3434493166251655e-05,0.041930711436255874,0.1352278939796686,-0.11009098426136107,-5.976698344463501e-05,0.0009196963582012098,0.008396205151210916,1.1181616253549326e-08,0.010731529354942499,-0.16453625002301286,0.03172922280800073,0.04137655239540111,0.1475857207675464,0.15970078039637808,-0.002327190342757974,0.1438010742254955,0.1336737121623917,0.02557253307383208,-0.5948197811720144,-0.5128778627915356,-0.31044388711925697
-0.0008576598954782499,-0.06315522873033873,-0.000858647211646898,0.33378477798182565,-0.0008572994298222538,0.03352022104255078,0.08228683728155013,-0.053766993362530435,-0.013516345920765426,0.048559499325561875,-0.027870194707204112,0.04778378820588131,0.2743434006261076,0.3887306941620255,0.4087765414947337,-0.030284490495998854,-0.00923213651155923,0.8618988145527234,1.0000000000000013,0.5427350803489543,0.04851802635028024,-0.06255446010786382,0.055807018305771915,-0.06211721074004121,0.05489804873921006,0.35224253509568587,0.6647074879592594,-0.000858645183487542,0.0017458151280812383,0.13448085366213652,0.05490629189822144,-0.00085744277304844,-0.015136971089081588,0.16750942836448693,0.054279898671582776,0.034407453742792096,0.011725612717563942,0.3099987743299496,0.5875243359358309,0.05561890734911106,0.036935722766021334,0.09882055871711365,-0.10972719320132417,0.055621058185843786,0.0017984309439198925,-8.586311299310081e-05,-0.0008576480318410983,-0.016678783312412425,-0.1295411345375183,0.08202751081851765,0.03671163007108077,0.1011210902798537,0.11070805187828657,-0.06266348692445557,0.1652922207957978,0.08824785702311229,0.016591517726256947,-0.542376612474223,-0.47377985645372783,-0.28436448141224807
0.04198493432535819,-0.0023643984900562714,0.04198491631672544,0.24930479699468808,0.04198523716026392,-0.06117330308759392,0.05359872772833762,-0.22002180150407674,-0.023987780259527056,0.01971975345710605,0.4703386500911286,-0.009962848083322021,-0.20274167361449152,0.2971813981544685,0.367464958312193,-0.010980189524607829,0.041219508214133206,0.6476696336620732,0.5427350803489543,0.9999999999999996,0.01968109010081718,-0.0031909386011872297,-0.0004912773926181476,-0.002773136287981045,-0.0005130538668605633,0.4312254393149315,0.5867588814362128,0.04198492095226519,-0.041280768799425646,-0.19500606449517552,-0.000524786026367201,0.04198505389421498,-0.023631708916363223,0.23893843828124472,0.04419713032361029,0.04281758825017227,-0.26787125287374625,-0.077070508286083,0.8745825486305188,-0.00024900706196474647,0.04431387035009417,-0.06242784203306179,0.001612741139872192,-0.0003093774586000111,-0.041190550075135564,0.022941138333868818,0.041984869365189234,-0.03884928055722719,-0.20063174896384237,-0.018137598630386886,0.030496353243152603,0.13282603767694695,0.15865023911778287,-0.0017862512105582913,-0.005873966404877102,0.18632785243561165,0.021202366035304763,-0.43023240615232256,-0.34432110098712493,-0.22668109525983013
0.4747719609960675,0.000170914899865503,0.4747719630903436,-0.0001864675234961982,0.47477199486305366,-4.920561095994736e-05,5.9918251414146376e-05,-0.0009161212948785845,-1.9065846189131168e-06,0.9999999916470711,0.02522577942673732,-5.1246881632143243e-05,0.0639896783359124,7.459538371376102e-06,0.009119375392901866,-2.1471807050275876e-06,0.46948402279184387,-4.632582245860491e-05,0.04851802635028024,0.01968109010081718,0.9999999999999991,0.00017057606697874685,0.8800384389980418,0.0005188618599266302,0.8799486414844064,0.009478591214853144,0.015701606127994136,0.47477196304550295,-0.47294347259104863,0.056231969775153885,0.8799486444059896,0.47477197419708567,-1.9600388567777374e-06,1.0594388124997101e-05,0.0034551815313250667,0.0040432786361295535,0.05767240875794079,0.06301505041627839,0.01943149173299108,0.8801118589527489,0.004215479276648718,-0.0004462833691714873,-0.0001410634194736848,0.8801085454552101,-0.4728913588128106,0.003206438067421922,0.47477197408276284,0.001423783496157091,-0.0005558949483941345,0.01522306487295349,0.0034258933691729376,0.005250905468002858,0.00015249044310714996,0.00017232447547377118,-0.0004229626469527657,0.009212932484016256,0.003314709536840653,-0.0003667135912666904,-0.0003508867320223839,-0.26980205088155523
9.274870599533074e-08,0.9999686599952881,1.5086933103713277e-05,-0.0029867443715273223,7.971064920489571e-08,0.0001308935599594808,0.00012509828861558423,-0.0007623332731252498,6.212402984424515e-05,0.00017029849157303002,-0.003034816725363985,-0.0008178308674939213,-0.07937323168928327,0.14255700334058757,-0.001619504492261246,0.00985289293244907,0.12400760995619353,-0.0029548658289145096,-0.06255446010786382,-0.0031909386011872297,0.00017057606697874685,1.0000000000000002,0.000180784304562457,0.999953897033065,0.014364510970813349,-0.0015322200797355564,-0.0028312421820788354,1.5086900995242044e-05,-1.2170199187799937e-05,-0.21373174779508627,0.014364792652565642,-1.5352631544181945e-08,0.0020177436547918364,-0.00455552553564352,-0.0001285678785888374,0.006149092677303052,-0.07171666699422312,-0.07745601780588655,-0.0039525410972873236,0.00018550936350705287,-0.0005992056098541997,-0.00012864484862734951,-0.0037450592719850094,0.0001852102334225193,0.00015754572206277194,-0.0011250986179887343,-1.4537715570143521e-08,0.0008784972149044714,0.05872148623578588,-0.014560638009961298,-0.0005550013570595662,0.00896253968750285,0.008341458486048618,0.999962164539327,-0.0011052509446611825,0.0068526447393884235,-0.0002058908999371022,0.005974820255120422,0.004269211383994913,0.0024146871790198996
3.670908354838176e-07,0.0001813126685758176,3.692448398989916e-07,-0.0001908473405553551,3.6651808900374826e-07,9.979057059928334e-05,0.00016058682165642324,-0.001144411863324863,-1.7664901795989052e-06,0.8800384522696457,-0.0010412546357994761,-3.44658638975516e-05,0.07377875906900429,9.270012387624634e-06,-6.964067612643006e-05,-1.8388896582658513e-05,-0.0018454660904216708,-0.0002552051224658222,0.055807018305771915,-0.0004912773926181476,0.8800384389980418,0.000180784304562457,0.9999999999999988,0.0005818023001090342,0.999898220586393,-0.00015046034063568537,-9.294414544179918e-05,3.691577519079431e-07,0.0018630331087840268,0.06481019151738544,0.9998982226248413,3.822105864717856e-07,3.1653870675479532e-06,-0.0001744527397511237,7.017032031187169e-06,-1.0142344036519273e-05,0.0665955461464391,0.07272038008710402,-0.0004962386498591056,0.9999302193295884,-4.752451923663313e-05,-0.0005325211684741923,-0.000304073831965196,0.999931712405398,0.0018654304747547999,-9.273577373385482e-05,3.82114456585036e-07,0.0020197074959330736,-0.0005897369250649468,0.018169888907951102,-3.434216105352836e-05,2.951570069871283e-05,0.00014136450016729687,0.00018319913486213352,-0.0005622547850573146,-0.0001156690125311711,-3.1399138463322055e-05,-0.00014186063158165807,-0.00017205928084492757,0.0007996709233596444
-6.163376951778718e-06,0.9999281971911922,8.830708563624798e-06,-0.0032677881708587015,-6.177057792642503e-06,0.00011241853294314492,5.6173641012696196e-05,-0.0009336357516113569,6.686224738002693e-05,0.0005185523513929286,-0.0017340083005657294,-0.0007807574778405174,-0.078042521184294,0.14241552726427822,-0.0019588451366049724,0.009345745978733186,0.12400055276145926,-0.0036684263329962432,-0.06211721074004121,-0.002773136287981045,0.0005188618599266302,0.999953897033065,0.0005818023001090342,1.0000000000000009,0.014764938665560647,-0.0018641936363184692,-0.0032754276750806654,8.830673763221878e-06,-5.7025470352967145e-06,-0.21205214238934023,0.014765144339784807,-6.271541291231467e-06,0.0020316830677433186,-0.0052004784823076414,-0.0001374393646519388,0.006159778299044071,-0.06899276348283312,-0.07740254909381324,-0.0034512119796059116,0.0005846098850763514,-0.0005987246143925658,-0.0012416932865684162,-0.0042499885153356705,0.0005842590888750599,0.0001671156015385428,-0.0011895040647419562,-6.270520008048882e-06,0.0007997210213778359,0.0586368350446606,-0.013049299651062392,-0.0005797919023618903,0.008256820646623008,0.007899252098677916,0.9999157453043417,-0.0010701657507378838,0.006281175176471041,-1.1739926769292148e-06,0.005416134399978217,0.0037211549906218623,0.0021657089735780603
3.683665231492987e-07,0.014365471125352981,5.832071793298651e-07,-0.00023127952555554042,3.6764226133056226e-07,0.00010099839234903961,0.00016550536269708808,-0.0012065254974418572,-1.146033981870415e-06,0.879948653887031,-0.001081659375318557,-5.32112994013536e-05,0.07258914601061654,0.00204905631652292,-8.429533194053524e-05,0.00012020841880266452,-8.634860970008887e-05,-0.00029788543441909836,0.05489804873921006,-0.0005130538668605633,0.8799486414844064,0.014364510970813349,0.999898220586393,0.014764938665560647,1.0000000000000007,-0.00016403075299737082,-0.00011476036130892602,5.831183668770396e-07,0.0018626753356538156,0.061694695034358205,0.9999999939025574,3.819533882724666e-07,3.229085845415523e-05,-0.0002436928686824813,7.234984100279095e-06,7.987522398693477e-05,0.06552538823180536,0.07156834781771822,-0.0005314781982221028,0.9998281805767242,-5.5181530724742154e-05,-0.0005722104331265006,-0.00037193382582344524,0.9998296737541038,0.001867540656333902,-0.00011005264611336807,3.818619603214867e-07,0.00203104150704304,0.00022868332598893315,0.017951014870752048,-4.188848275425806e-05,0.00015327423347106638,0.00026594878926457005,0.014367280265565361,-0.0005932331759301476,-1.6325145949922894e-05,-3.591644345209237e-05,-4.6406970421034046e-05,-0.00010399316736796105,0.0008386845442474914
0.02007882529559676,-0.0017179260901816144,0.020078960595329355,0.12249944991288031,0.020079501020549395,0.5649911570004369,0.4760148764283381,-0.1987230445597256,0.008996394485252752,0.009502258206079018,0.08370860632353695,0.3591543950946991,-0.16570146444041514,0.14736701356109755,0.9529820193415757,-0.007887075933912597,0.019481453616468386,0.416736779918084,0.35224253509568587,0.4312254393149315,0.009478591214853144,-0.0015322200797355564,-0.00015046034063568537,-0.0018641936363184692,-0.00016403075299737082,1.0000000000000002,0.5644527504466751,0.02007877557419536,-0.01973439224166556,-0.1384699496186228,-0.00016159226302204667,0.02007888413500641,-0.011584165971133676,0.6864651867298781,0.025353786811312173,0.021131280498198443,-0.18804988670590733,-0.009189967041878279,0.42656220628249913,-5.172815552399177e-05,0.07138288699277998,-0.01964780096037871,0.5195375800906299,-7.444512058111457e-05,-0.019629079971515234,0.12458996602555962,0.020078756667397255,-0.004977702916557095,-0.1386980171199609,-0.0024819548113544326,0.013825679057011578,0.07986612083653924,0.3996012221409647,-0.0009934939491568378,-0.009536415294283618,0.39075175228058057,0.007288936884456301,-0.22989185137348286,-0.1930673550681438,-0.11733729230154658
0.03308497129489468,-0.002789350289772102,0.0330848650800967,0.401924647068168,0.03308533064430593,0.1288911419426439,0.20295515493705085,-0.3293095647364067,-0.013576324535664415,0.01576584568275673,-0.0952000286068289,0.11176054060918192,-0.2664902721326141,0.2431022251854726,0.6517909015374672,0.015915833121238263,0.031794103915222915,0.774521066040489,0.6647074879592594,0.5867588814362128,0.015701606127994136,-0.0028312421820788354,-9.294414544179918e-05,-0.0032754276750806654,-0.00011476036130892602,0.5644527504466751,0.9999999999999994,0.033084824667060385,-0.03269919131226463,-0.20677791223323153,-0.00011575531775748365,0.033085041065748375,-0.01874805534751937,0.15114366947272337,0.05042599666292382,0.03098366584729629,-0.3621283605796081,-0.042428268982127634,0.5883944645711987,1.0485487597640914e-05,0.0299606582474999,-0.018990536709895207,-0.14847802838960478,-9.72755511646966e-06,-0.03242149355782963,-0.008095582174014269,0.033084802319190795,0.02556785644962992,-0.215034458897817,0.01539317418447291,0.017310943273135333,0.14027815904003768,0.21743866478953094,-0.0015093063987062978,-0.024632755277902627,0.16151127096310688,0.010620296133327548,-0.38561558192581497,-0.3702115856601548,-0.2279191659049863
0.9999999998867546,1.5086714593779367e-05,0.9999999999999245,3.8955327607851154e-08,0.9999999998317123,-2.5548253752666774e-09,1.2343342136684034e-08,-1.8736871919875949e-07,3.4748171735617336e-09,0.4747719434555055,0.054840775973792236,-1.6312014580857795e-08,-0.0011429960284596722,2.144232638749151e-06,0.019224733684098664,1.6665674040991852e-07,0.9922762090765902,-1.7507546458885547e-08,-0.000858645183487542,0.04198492095226519,0.47477196304550295,1.5086900995242044e-05,3.691577519079431e-07,8.830673763221878e-06,5.831183668770396e-07,0.02007877557419536,0.033084824667060385,1.0000000000000153,-0.9997591422771871,-0.0010186017307166012,5.831184237152642e-07,0.9999999998854089,3.3610684826424034e-08,0.0002471117838207087,5.1654361479298055e-09,0.0016057538129721108,-0.0010318713846030907,-0.0011208903570223332,0.04150298192356577,7.069803910975491e-06,0.0016936700450483032,-4.2067603329664196e-08,0.0002461366381884792,3.0988087793523917e-07,-0.9996714186034407,-1.0355812063415046e-05,0.9999999998854386,3.9545229600992e-08,8.361782290073226e-07,-0.00022673661650422203,-1.1807843946135719e-05,0.01097230747602689,6.718240909205489e-05,1.50870996449836e-05,-8.21407964826893e-08,0.019558314781871027,-8.128104328681708e-10,5.7000095595913594e-08,-4.607587028495857e-08,-0.5695717327408943
-0.9997591425117814,-1.232036253836885e-05,-0.9997591424345873,-0.0002871358857859068,-0.9997589256513744,-0.0005785422686128391,-0.000453936162528778,-0.0001562226159310993,-2.96654825834898e-06,-0.47294349086280435,-0.054877138585695706,-1.2424032838904186e-05,0.0011995920295601295,2.99802240668313e-05,-0.018965136458412038,8.08605380626734e-05,-0.9920382394177883,0.0008556050838190718,0.0017458151280812383,-0.041280768799425646,-0.47294347259104863,-1.2170199187799937e-05,0.0018630331087840268,-5.7025470352967145e-06,0.0018626753356538156,-0.01973439224166556,-0.03269919131226463,-0.9997591422771871,1.0000000000000024,0.0007952027152527418,0.0018626773477787076,-0.9997591423162755,-1.3482699261721584e-05,0.000190126449416728,0.021784848313550723,0.019175935450554925,0.0004014466834403815,0.0010567534231238655,-0.04088281575441576,0.0019372136445555926,0.0200939288914535,-0.00018526986347226494,-9.64233334324824e-05,0.001943922504379644,0.9999608437440219,0.02072071884732286,-0.9997591425394132,-0.00045579823038425257,-0.00042717223028621997,-0.00017728246586804552,0.021852485384297377,-0.010882592234119387,-7.0974731753600746e-06,-1.2642787613612776e-05,-1.5702177144968558e-05,-0.019454844384576054,0.021017529916470084,-0.0017027596851486243,-0.0014174317362206645,0.5686421281259865
-0.00101540965258237,-0.2142032338072144,-0.0010186034328625076,-0.024267646864318166,-0.0010158362659605637,0.01333194550164967,-0.012881025611942397,0.6214842218822206,-0.00024874468575781036,0.05619544494367067,0.19742710377233935,0.03422085220072612,0.719973936517701,-0.052258971896104095,-0.14695534607940733,-0.03540324111787429,-0.027450478113017047,-0.08587607671121247,0.13448085366213652,-0.19500606449517552,0.056231969775153885,-0.21373174779508627,0.06481019151738544,-0.21205214238934023,0.061694695034358205,-0.1384699496186228,-0.20677791223323153,-0.0010186017307166012,0.0007952027152527418,0.9999999999999993,0.061700924395087425,-0.0010152728504424816,-0.0016454809984024013,-0.02856835023993157,-0.03397048702898941,-0.04241568084232342,0.6423491935005173,0.44179851777339385,-0.15381289414218463,0.06445649177614232,-0.01757414824603887,0.23893378157141254,0.10731839590756843,0.0644689601549627,6.608058781216387e-05,0.0009819861312304256,-0.0010151664987441686,-0.006923220068148945,0.3422738619271193,0.08269159849600537,-0.01605987959715565,-0.09763522781787193,-0.12722476350953785,-0.21547474647092232,0.17893625030931248,-0.10060664987835949,-0.014404552161075819,0.15881939209373602,0.13313584751245644,0.08251147450940402
3.683703142367637e-07,0.014364884999902705,5.832072176679977e-07,-0.00023208550088840889,3.6764615466759194e-07,0.00010217594003622343,0.0001652972479778322,-0.001208661206304706,-9.066315207140317e-07,0.8799486569842584,-0.0011031856408597895,-4.8389062435706894e-05,0.07259177207329427,0.0020491433500427906,-8.054360852259038e-05,0.00011916093792143269,-8.636131534894838e-05,-0.0002922832583669183,0.05490629189822144,-0.000524786026367201,0.8799486444059896,0.014364792652565642,0.9998982226248413,0.014765144339784807,0.9999999939025574,-0.00016159226302204667,-0.00011575531775748365,5.831184237152642e-07,0.0018626773477787076,0.061700924395087425,1.0000000000000004,3.819589065191347e-07,3.218704385887764e-05,-0.00023727662993215431,7.307113691941816e-06,7.909334153573293e-05,0.06552509201471804,0.07157986222862642,-0.0005423140885764125,0.9998281876081905,-5.5436514592095405e-05,-0.000558368266517822,-0.0003677935309416489,0.999829681088176,0.0018675280572766563,-0.00010985532840777546,3.818660068941521e-07,0.0020311635181829756,0.00022685835131417047,0.017959201714694867,-4.186383628298834e-05,0.00015923192779834745,0.00026366185007740365,0.014366772474832624,-0.0005972425488592761,-1.3895788321830264e-05,-3.3538574551463124e-05,-6.197037721435836e-05,-0.00011532462761680599,0.0008315754119036247
