0,1,2,3,4,5,6,7,8,9,10,11,12,13,14,15,16,17,18,19,20,21,22,23,24,25,26,27,28,29,30,31,32,33,34,35,36,37,38,39,40,41,42,43,44,45,46,47,48,49,50,51,52,53,54,55,56,57,58,59
1.0000000000000056,9.244412720102298e-08,0.9999999998868844,5.5792475558921443e-08,0.9999999999469422,1.5137255672020548e-07,5.381406085773841e-07,-2.2989087496135934e-07,1.1462108885996554e-08,0.47477194140759804,0.0548230793456749,1.407445843011956e-08,-0.0011413285212425448,1.9717190013469986e-08,0.019224309688418692,9.801238051708976e-07,0.9922743486110716,7.142571525933377e-08,-0.0008575672557546616,0.04198267320705422,0.4747719609956555,9.274930453236902e-08,3.670908430755485e-07,-6.163376482483727e-06,3.6836652871603603e-07,0.02007877656148447,0.03308483936185429,0.9999999998867547,-0.9997591425108735,-0.0010154093556450792,3.6837031373068665e-07,0.9999999999992129,1.161811421828059e-08,0.0002471049320229697,1.504568952643247e-08,0.001605944905109861,-0.0010307569062734821,-0.0011195183887704775,0.04150156831502691,7.067530553696542e-06,0.0016936605364582954,9.79312295602696e-08,0.00024609384609078805,3.0761701803122045e-07,-0.9996714129171409,-1.0384063036887158e-05,0.9999999999992031,5.861295665168955e-07,-1.310641138430313e-07,-0.00022593531891446252,-1.1816672512674513e-05,0.010973039456739869,6.798547946216646e-05,9.380710942489159e-08,-2.2585426281888796e-08,0.01955875770134116,2.3312057768555205e-09,-2.674779858495012e-08,-1.3316641865066302e-07,-0.5695653288269971
9.244412720102298e-08,0.9999999999999992,1.5086747937939523e-05,-0.0029074864254723847,7.934727938688727e-08,4.5059956199459866e-05,0.00013994937121891243,-0.0005820929259544954,4.5694122293856614e-05,0.0001706325051667892,-0.001511008317973998,-0.0011530788628976623,-0.07951971744177894,0.14254954040668458,-0.001898718738501709,0.009934069116233181,0.12400760419442992,-0.003354378139823156,-0.06314449924473829,-0.0023615058070564176,0.000170915249116223,0.999968642516356,0.00018131293057227783,0.9999281760424861,0.014365470812263758,-0.0017173347199533572,-0.0027885865507518994,1.508671415153844e-05,-1.2320005022823106e-05,-0.21420296297030866,0.014364884472114153,-1.575373398077754e-08,0.0020252520567195136,-0.004982476097679323,-0.00013573707582304107,0.006200702432537194,-0.07172184469523965,-0.07828115136158398,-0.0032068140803649665,0.0001856663440009061,-0.0005803632240973185,-0.00115890811652956,-0.00404711843423233,0.00018534330441896291,0.00015814403604292484,-0.001136534275046929,-1.48331491415511e-08,0.0008658995582255944,0.058812846894408924,-0.01517558308918471,-0.0005569402751271124,0.008555360156080686,0.008525584652553849,0.999987699616916,-0.000843970707033784,0.0067272102622355015,-0.0003715142296605834,0.007047754435315708,0.005051592290788959,0.0029053229633474904
0.9999999998868844,1.5086747937939523e-05,1.0000000000000056,-2.2822071727450408e-08,0.9999999998317576,2.418998508086156e-07,4.125047357616282e-07,-2.0967408883094443e-07,9.441393125451535e-09,0.4747719434926675,0.0548231221302061,8.32275876286269e-08,-0.0011425003279955442,2.1442601325252093e-06,0.019224393800943988,1.3906403497384762e-07,0.9922762086698511,-2.456720063069853e-08,-0.0008585545195311525,0.04198265516114906,0.47477196308992664,1.5086933362090813e-05,3.69244843778421e-07,8.830708781324516e-06,5.832071821744679e-07,0.02007891185276871,0.033084733137072976,0.9999999999999245,-0.9997591424336845,-0.0010186031377999827,5.832072174093817e-07,0.9999999998855984,3.375011096770493e-08,0.00024725440627082615,6.46804520341243e-09,0.0016057482283589667,-0.0010318280398086842,-0.0011208013146059388,0.041501525536153515,7.06985631109435e-06,0.0016936775092420168,-4.807343489431083e-08,0.0002462737110024804,3.099321869098424e-07,-0.999671418650996,-1.0339637373976552e-05,0.999999999885623,3.302253844925834e-07,8.190183478349509e-07,-0.00022644503574389851,-1.181571088508421e-05,0.010972150261333509,6.72704926678358e-05,1.5087213405189034e-05,-8.943347743932837e-08,0.019558068405299764,-1.6087828355171938e-10,5.980555833158601e-08,-5.1997155419688486e-08,-0.5695652803896093
5.5792475558921443e-08,-0.0029074864254723847,-2.2822071727450408e-08,0.9999999999999998,-2.7629482242030404e-08,0.06339624870036323,0.11322286107344111,-0.020765906180747463,-0.013295171475559666,-7.089953856788915e-05,-0.058853114002482915,0.07645719802423401,-0.02275305231456129,-0.005458794957753405,0.272808100362246,0.01726174417612574,-0.0005995930986930345,0.38261405765433326,0.3340524238710246,0.24949849279307293,-0.00018632050439032103,-0.0029824607467895566,-0.0001907087320890188,-0.003263970385923043,-0.00023112755695186253,0.12250479446369783,0.4017953110302332,3.894548142849341e-08,-0.00028693317365045324,-0.024229127165897056,-0.0002319598384463106,1.0448664141464119e-07,-0.01594870080546345,0.023486967371650402,0.0035048596238685037,-0.012976895872977462,-0.011419864271198009,0.07152291649077955,0.22264929026224756,-0.0002061843284019093,-0.01140551028911964,0.071114123361155,-0.10111815002828826,-0.00019839548228952776,-0.00036745135350604527,-0.02781638947408977,8.781548978936928e-09,0.006316292799710114,0.012018416213029588,0.01589008621269914,-0.009346521806996603,0.039814080377636556,0.06816597509358438,-0.002431544300643281,0.06680347000952404,0.026040758807288324,-0.014154999365217585,-0.02481782868828803,-0.03033989079772527,-0.0359436635616688
0.9999999999469422,7.934727938688727e-08,0.9999999998317576,-2.7629482242030404e-08,1.0000000000000044,3.1971167419547263e-07,3.076146800835666e-07,-6.268773836636937e-07,4.6325572656092606e-08,0.47477197528315296,0.05482278431029358,2.8297390739735373e-07,-0.0011416138931713607,2.7714982541109943e-08,0.019224977903347075,3.2481701913953823e-06,0.9922743464594433,4.798548084992466e-07,-0.0008572067882730525,0.041982976054417226,0.4747719948626453,7.971146804954127e-08,3.665180993879997e-07,-6.17705715488803e-06,3.6764226894493894e-07,0.020079452290904506,0.03308519871766081,0.9999999998317123,-0.9997589256504628,-0.0010158359668016035,3.6764615397536596e-07,0.9999999999440803,2.8283421343034365e-08,0.00024752157397457626,9.934807419352635e-06,0.001616139219053779,-0.0010313028096826256,-0.0011197654010931762,0.04150178915659884,7.104466197500521e-06,0.0017035972850113752,-1.3590645543577358e-07,0.00024631263313827005,3.4452132579049827e-07,-0.9996711527216585,-9.480014617520956e-07,0.9999999999439225,1.4488786335739785e-07,-3.813133366363422e-07,-0.00022635771951509066,-1.897916745570554e-06,0.010975294550220512,7.02868181287262e-05,8.115171928857622e-08,9.028500524599229e-08,0.019560905912491662,9.536228057149674e-06,-7.779935757888019e-07,-8.423726768098899e-07,-0.569565743644132
1.5137255672020548e-07,4.5059956199459866e-05,2.418998508086156e-07,0.06339624870036323,3.1971167419547263e-07,0.9999999999999999,0.6037828885072282,-0.00590445814188835,0.019608796062617843,-4.096481113427429e-05,-0.0972951108873931,0.34249870964739443,0.01112732785323288,-0.00034060693176319744,0.5654871802304452,-0.0943458067085074,-0.0002583596126360944,0.025457480975728804,0.03367574218467186,-0.061052461936524735,-4.918801854742173e-05,0.00013175753007174892,9.979561777122165e-05,0.0001130784552801956,0.00010100041847228557,0.5649799569680454,0.12891385666453167,-2.550830790878579e-09,-0.00057849274473772,0.013339448693118223,0.00010216905360839254,1.8205509573537246e-07,0.006334065285878305,0.6577750077157742,-0.0013511525901544735,-0.027422902310296413,-0.0006627319839381705,0.014218969979360055,-0.05294814028515376,-6.566033356773729e-05,0.01809781718755945,0.0033009720875677977,0.6468408926077186,-5.385723163158111e-05,-0.0006354023515910513,0.047753554708745975,1.7492403634862847e-07,0.18728675014126078,-0.009186624696162998,0.1817464920445341,-0.027305055110540627,-0.006052662180903416,0.28624863754112945,8.088332876983608e-05,-0.005590382399653348,0.2687481432983394,-0.004485902461745798,0.003922760033959216,0.022524098723551777,0.014515104804896213
5.381406085773841e-07,0.00013994937121891243,4.125047357616282e-07,0.11322286107344111,3.076146800835666e-07,0.6037828885072282,1.0,-0.06240754015255505,0.010736502147852855,7.668622682943087e-05,-0.038925635423977464,0.25889537048254313,-0.03111324456181777,-0.0009836664537648358,0.4837736631158915,-0.06137116361682,-0.0007444341311008143,0.08215532312641924,0.082391312693338,0.053676072611896455,5.992690936752521e-05,0.0001257214936377234,0.00016058977169188248,5.665142564351507e-05,0.00016550603889729088,0.4760162883724578,0.20297031367467433,1.2345720406449521e-08,-0.00045391145221153665,-0.012874644057944393,0.00016529157104161268,6.97477871593578e-07,-0.003888760537489293,0.34671332274987154,0.0039914605137928525,-0.01667249332853521,-0.026692682327196425,0.022435984423658045,0.051002180538259875,7.269658070621824e-05,0.015065488639474735,0.004966561692549301,0.30865038677398304,7.190718703813536e-05,-0.00045152277649109906,0.03073438419529996,6.602403470103152e-07,0.7113335025722388,-0.03979501413801327,0.7032333166641312,-0.021565477666060907,0.009694476025682434,0.23042210213980585,0.000478815151874007,-0.0018433372315593659,0.19454116215910372,-0.0020187658844127414,0.000634075054096272,-0.02225083761969111,-0.012119243859050492
-2.2989087496135934e-07,-0.0005820929259544954,-2.0967408883094443e-07,-0.020765906180747463,-6.268773836636937e-07,-0.00590445814188835,-0.06240754015255505,1.000000000000001,-0.0006835149692057597,-0.0009718275426589083,0.33829491427535396,0.041844928074726284,0.7296501258636212,-0.004647934957341684,-0.2269807900957942,-0.04483682877345003,0.0003575298295280606,-0.08088629851951902,-0.052885822274305244,-0.21912377346918585,-0.0009147017803593915,-0.0007569041583676337,-0.0011426743101457637,-0.0009289684784326597,-0.001204711170553792,-0.1983108637588474,-0.3286708690970056,-1.8707420209246465e-07,-0.00015592022628563992,0.6206111679320784,-0.0012068874279317805,-1.5063386073725636e-07,-0.0021418887069983563,-0.017117149521037673,-0.038591222490284405,-0.04031625598778779,0.6188147809196061,0.35998656700082526,-0.19191960280647583,-0.001062303754814545,-0.011055957205778368,0.4334673136537528,0.18442527179824728,-0.0010453094110897123,-0.0010413687678338648,0.01942318247760403,4.1293828033658555e-09,0.007903151369576488,0.4735635819346033,-0.0147046429843246,-0.007575224276724132,-0.11730414440191272,-0.14447961419196584,-0.0023588688647661633,0.3615466239052466,-0.12866309887966623,-0.013504301948048218,0.10852872452348056,0.09075943618229682,0.05352107041294393
1.1462108885996554e-08,4.5694122293856614e-05,9.441393125451535e-09,-0.013295171475559666,4.6325572656092606e-08,0.019608796062617843,0.010736502147852855,-0.0006835149692057597,0.9999999999999981,-3.347482902064779e-06,-0.03948843123679848,0.1616623749602417,-0.0008953984184990174,0.22481077844226252,0.00927993590734977,0.00917576255948809,-3.8917983626631054e-05,-0.014820196219563646,-0.013509945466544196,-0.023982995555698137,-1.906135885306654e-06,6.21507595415289e-05,-1.766151155629339e-06,6.688268608265357e-05,-1.145785398108102e-06,0.008997113456624153,-0.013575319491272504,3.4749347475726604e-09,-2.966097241873318e-06,-0.00024848980941292846,-9.066540620393318e-07,1.7096668887326207e-09,0.9994168026852221,0.00565553393081549,0.00038058616556205894,0.0010729836603595433,-0.0005714396301834871,0.018749767806406727,-0.04092349773745914,-6.4807511812927775e-06,0.00020335751072777662,0.021969145567893342,0.010319221785985374,-1.9043952930401999e-06,5.0152933155175185e-05,0.002737517926312606,4.8008492131821084e-09,0.005255830267432415,-0.0024713235926116872,0.004803137235878537,-0.0003706842110263823,0.0016068168873661804,0.015276146298072361,0.00015273944362990748,0.01962568188057261,0.001846704866621622,0.0015624505578972824,-0.0028889759591967266,-0.0070023266142940155,-0.003435455306021412
0.47477194140759804,0.0001706325051667892,0.4747719434926675,-7.089953856788915e-05,0.47477197528315296,-4.096481113427429e-05,7.668622682943087e-05,-0.0009718275426589083,-3.347482902064779e-06,0.9999999999999984,0.025189043370771103,-4.484134979764839e-05,0.06391845097495182,7.1234357987632045e-06,0.009161850292973405,2.658778905977392e-06,0.46948392189302773,2.485262433799267e-06,0.04855430273086835,0.01971872126954589,0.9999999916458788,0.00017029871971321496,0.8800384522684543,0.0005185525253002456,0.8799486538852732,0.009502241476182267,0.015765790930479178,0.4747719434535407,-0.4729434908565649,0.05619543100549629,0.8799486569804197,0.4747719546104985,-3.625138354331397e-06,1.4546537425860717e-05,0.0034573011967516908,0.0040435176431388555,0.057633526986008606,0.06299822333393323,0.01946493193565615,0.8801118627472131,0.004214269703457292,-0.000462167223919916,-0.00016379419755051282,0.8801085492966435,-0.47289134053839793,0.0032016759100206645,0.47477195447650655,0.0014242590330306735,-0.0005814522645483603,0.015225629856133042,0.0034247417620488683,0.005262840268033897,0.00016868913093559423,0.0001721940050314925,-0.00043505163439515625,0.009223741235043567,0.0033135457374856556,-0.0003753800771530929,-0.0003594019367955765,-0.2698063347865151
0.0548230793456749,-0.001511008317973998,0.0548231221302061,-0.058853114002482915,0.05482278431029358,-0.0972951108873931,-0.038925635423977464,0.33829491427535396,-0.03948843123679848,0.025189043370771103,1.0000000000000002,-0.024865426402201022,0.21321969494690662,-0.01145870872068727,0.003356205577655799,-0.027951727733796873,0.05481812560778627,-0.012615565660362656,-0.02748563538663414,0.4704252468877093,0.025217696760289347,-0.003031824557267169,-0.0010408940532546332,-0.0017319090042019099,-0.0010812926089204871,0.08373736523332473,-0.09509737848995181,0.05482313074952283,-0.05485944765877786,0.19738273541927248,-0.0011028323900657431,0.05482311843132677,-0.038052858143674144,0.14378718519934713,-0.02180550296118084,0.0037024751854494477,0.21345876131458882,0.06197315162438435,0.5959533501302978,-0.0008555656611885419,0.01776434402268441,0.051065791192860185,0.21745101199620964,-0.000935323054705969,-0.055227003905062674,0.03168214093825207,0.05482317466777077,-0.05061421771306595,0.14881969163592407,-0.05784826932590596,-0.003519177068691716,-0.029803095157128003,-0.011634394884334185,-0.0027370998110661446,-0.03730505875445461,0.09842691887214991,-0.01498160414573304,0.03579240244982523,0.08277897382436092,0.017935071927793776
1.407445843011956e-08,-0.0011530788628976623,8.32275876286269e-08,0.07645719802423401,2.8297390739735373e-07,0.34249870964739443,0.25889537048254313,0.041844928074726284,0.1616623749602417,-4.484134979764839e-05,-0.024865426402201022,0.9999999999999993,0.04380129063778031,0.030771576579111032,0.3642255883758763,0.004042407728085045,-0.00014381949968989366,0.04176863177469884,0.04785125664339244,-0.00991045568960483,-5.1239597757554164e-05,-0.0008174245993893301,-3.446041393121517e-05,-0.0007804448814215044,-5.320695608000261e-05,0.35916004538398505,0.11177278440813918,-1.6310066942772442e-08,-1.241719832724155e-05,0.03422419246279266,-4.838879604689637e-05,-3.4675159555891834e-08,0.1489598175321021,0.2826292598487042,0.0002387956862515346,-0.005670680193621198,0.035781493979749404,0.04675085775914339,-0.006091663788339589,-5.397451567187181e-05,0.025780335127985658,0.0418457095581138,0.27601310439916454,-4.815163641827092e-05,-0.00016859909073796024,0.0625976575599585,-3.892962486225557e-08,-0.04362963540848764,0.18470373177032892,-0.034870482181820206,-0.0017699784407214482,-0.010117173552164734,0.1721310022415803,-0.0011149412853530462,0.04014119527027103,0.14346436149845943,-0.0008332910189556939,-0.0652850734737708,-0.06187168942976995,-0.038567596249150765
-0.0011413285212425448,-0.07951971744177894,-0.0011425003279955442,-0.02275305231456129,-0.0011416138931713607,0.01112732785323288,-0.03111324456181777,0.7296501258636212,-0.0008953984184990174,0.06391845097495182,0.21321969494690662,0.04380129063778031,1.0,-0.0017178727999064684,-0.18169867366365094,-0.06550451350045976,-0.010909110037542925,-0.09473783345303127,0.2746293230927266,-0.20233238944195608,0.06396140911915614,-0.07933575340955859,0.0737461494877691,-0.07800618788416619,0.07255705471863275,-0.1655622159199703,-0.26628731411582685,-0.0011424903593547405,0.0011991011924876022,0.7196777414591651,0.07255965565057645,-0.0011412073225370966,-0.0013847697980433817,-0.04706882665208196,-0.028471772983297432,-0.028152672060744056,0.7495508007888834,0.5779339831744681,-0.19202368716041848,0.07331281498962842,-0.00845871020847215,0.2780722462987639,0.11292420210683042,0.07333548115290836,0.0005676148601048344,0.003635354332399485,-0.001141074935518029,-0.028419936853710404,0.3584756972193429,0.062021321249400595,-0.0056252149685321025,-0.12406495072611046,-0.14478580275318137,-0.08133911254489155,0.3079329272405172,-0.13304639709704483,-0.017512415813412847,0.059350575420935456,0.040352827808451425,0.026867965322389834
1.9717190013469986e-08,0.14254954040668458,2.1442601325252093e-06,-0.005458794957753405,2.7714982541109943e-08,-0.00034060693176319744,-0.0009836664537648358,-0.004647934957341684,0.22481077844226252,7.1234357987632045e-06,-0.01145870872068727,0.030771576579111032,-0.0017178727999064684,1.0,0.14172302423587602,0.003948833062851396,0.017647438729285883,0.4349699332658437,0.3886890182139753,0.297165578184385,7.4595622024172734e-06,0.14255700428785964,9.270030390720418e-06,0.14241552806456365,0.002049056329397162,0.14736669511652112,0.24310130604427227,2.1442326446630417e-06,2.9980248012341845e-05,-0.05225894336414818,0.0020491433485153795,1.0507441957181354e-07,0.22396723606116978,0.13188324129606574,0.0030285703144286545,0.002328868964042133,-0.18169933415118605,0.0031852994318817413,0.2919204696901455,7.210660346699321e-06,0.0011052441869951889,0.016155360039362004,-0.002323422850534686,8.527656222358013e-06,6.40251018167187e-05,0.0018609800717072772,1.1029888948771789e-09,0.0010144859764514265,-0.0919113808010063,0.001800534909216539,0.001468461943831926,0.0788201325414937,0.07646377486383815,0.14264187588462812,0.06069620717488903,0.06938158502013425,0.002519612185631678,-0.6414212923516143,-0.5433937998185268,-0.3140724614892
0.019224309688418692,-0.001898718738501709,0.019224393800943988,0.272808100362246,0.019224977903347075,0.5654871802304452,0.4837736631158915,-0.2269807900957942,0.00927993590734977,0.009161850292973405,0.003356205577655799,0.3642255883758763,-0.18169867366365094,0.14172302423587602,0.9999999999999992,0.008130479598186979,0.01848574315997967,0.4773066608529434,0.40882872760352723,0.3675111066508666,0.009119142416779415,-0.0016188816201910348,-6.963147247673925e-05,-0.0019583496627319616,-8.428769887530098e-05,0.9529704196981948,0.6517915604710236,0.019224222034608145,-0.018964621937824836,-0.14694586719652897,-8.054195487843016e-05,0.019224351343982406,-0.0110406090425516,0.6220392862783862,0.030332137502413727,0.022452215801666175,-0.21432161894082677,0.030443525433250997,0.41811842373982727,2.984638188736539e-06,0.06537385722315518,0.03210565030207387,0.43199075272171183,-1.29079608799605e-05,-0.018725954772920876,0.10622730024028416,0.019224204143472014,0.02194595236957127,-0.14238503195613422,0.0163090914046475,0.011280019924506363,0.09112341477574218,0.4049834706329007,-0.0008496553618395819,-0.019019625736009804,0.3775746922146146,0.0041798225746077135,-0.23072686692424793,-0.20754555146015852,-0.1274990276317747
9.801238051708976e-07,0.009934069116233181,1.3906403497384762e-07,0.01726174417612574,3.2481701913953823e-06,-0.0943458067085074,-0.06137116361682,-0.04483682877345003,0.00917576255948809,2.658778905977392e-06,-0.027951727733796873,0.004042407728085045,-0.06550451350045976,0.003948833062851396,0.008130479598186979,0.9999999999999993,0.0011946300845196327,-0.005837335562523962,-0.03022772543335002,-0.010941867513269601,-2.142327716307632e-06,0.00985311638378786,-1.8385119909791583e-05,0.009345904930299995,0.00012021030796908516,-0.007879008987555154,0.015925912910696605,1.666569135577862e-07,8.08648685781137e-05,-0.035400249738758646,0.00011915990978864068,-6.786445742541484e-08,0.009094878001835189,-0.03597913356683969,-0.0004658283198503253,0.2810931198312321,-0.05280534926388239,-0.0256262979499969,-0.006029894213217485,3.2758779295694545e-07,0.004437435814584086,0.0002965501082303262,-0.04162096932086056,1.1633247023200423e-06,0.007809043092646344,0.010660336168363607,-7.387996690224886e-08,-0.06708644764371326,-0.013758351393179649,-0.07730751369910868,0.004548351000048332,0.9397921619147834,0.8566598858381176,0.010120351639755923,-0.0036648713713585508,0.819233203242638,-0.0021735995379740195,0.007741277211489239,-0.01105160559594528,-0.011081746462739812
0.9922743486110716,0.12400760419442992,0.9922762086698511,-0.0005995930986930345,0.9922743464594433,-0.0002583596126360944,-0.0007444341311008143,0.0003575298295280606,-3.8917983626631054e-05,0.46948392189302773,0.05481812560778627,-0.00014381949968989366,-0.010909110037542925,0.017647438729285883,0.01848574315997967,0.0011946300845196327,1.0000000000000027,-0.0008551250428924712,-0.009230910591173863,0.04121745067788589,0.4694840227547919,0.12400761079325019,-0.0018454660744259721,0.12400055346843833,-8.634859812694739e-05,0.01948144080442502,0.031794021310944574,0.9922762089550516,-0.9920382392744063,-0.02745045838222333,-8.636131638950958e-05,0.9922743352673176,0.00021355043494327306,0.0009353088129892896,-7.608905034769651e-05,0.002381686401751177,-0.009669645793597848,-0.01148158531312656,0.04074324621198414,-0.0018348698492330316,0.0017233297858228473,-0.0008089334780573321,0.0012303904935887222,-0.0018416809555534925,-0.9919324477925265,0.0001795680027203412,0.9922743355556121,-0.0007910701845298069,0.007880522691410366,-0.0030302822241999785,2.6050483717358455e-05,0.011742293801662996,0.0008520444696780461,0.1240012864443794,-0.0006079445312369809,0.020447632417965097,-2.328287670134503e-05,0.0004944782868298474,0.0006701362051479892,-0.5648057462908137
7.142571525933377e-08,-0.003354378139823156,-2.456720063069853e-08,0.38261405765433326,4.798548084992466e-07,0.025457480975728804,0.08215532312641924,-0.08088629851951902,-0.014820196219563646,2.485262433799267e-06,-0.012615565660362656,0.04176863177469884,-0.09473783345303127,0.4349699332658437,0.4773066608529434,-0.005837335562523962,-0.0008551250428924712,1.0,0.8619306735424297,0.647716752366368,-4.629451042446463e-05,-0.002952968783356426,-0.00025514615118279923,-0.003666749741431519,-0.00029782443094025237,0.416708397929558,0.7744443429157104,-1.7498469177312576e-08,0.0008554918662527712,-0.08584871589761407,-0.00029223758590486677,2.610742700469115e-07,-0.017077022543435284,0.21628126014570787,0.06205992938844992,0.038207098644334615,-0.24761248883103046,0.07711084946990346,0.704855848636974,-5.345196529788856e-05,0.041916320984432376,0.13476719813345353,-0.11016968612900449,-5.9794325531542197e-05,0.0009192946969673858,0.008368762498458651,1.1079234746753654e-08,0.01061606862379449,-0.16486109745490937,0.03160510441313466,0.04135493261853805,0.14746412461113967,0.15957664549096337,-0.0023307515853064095,0.14287969198756387,0.1335468463219972,0.02552269829271843,-0.5948625461111949,-0.5129219159342681,-0.3104758363869635
-0.0008575672557546616,-0.06314449924473829,-0.0008585545195311525,0.3340524238710246,-0.0008572067882730525,0.03367574218467186,0.082391312693338,-0.052885822274305244,-0.013509945466544196,0.04855430273086835,-0.02748563538663414,0.04785125664339244,0.2746293230927266,0.3886890182139753,0.40882872760352723,-0.03022772543335002,-0.009230910591173863,0.8619306735424297,1.0000000000000009,0.542799746112259,0.04851281154885896,-0.06254654393386783,0.055801012338197724,-0.06210961649660371,0.054892136888897325,0.3522360464767856,0.6646746103310429,-0.0008585525430127483,0.001745646465390393,0.1344774314917931,0.054900367321075276,-0.0008573502749386554,-0.01513591652182871,0.16746856417787268,0.05427133925657002,0.03440062097670693,0.011577214787133621,0.3097573953979228,0.5873174274269768,0.055612885518192205,0.03692545026426509,0.09845290772357848,-0.10979409651828557,0.05561502719454954,0.0017980284548265466,-0.00010725037537677147,-0.0008575555865887664,-0.016769760843222025,-0.12981652393904616,0.08191981094095921,0.03669537865100966,0.10103014656199588,0.11061559264946708,-0.06265995201401785,0.1644941964210389,0.0881522199766812,0.01655223148776712,-0.5424291655385914,-0.4738306551230037,-0.28440050586429083
0.04198267320705422,-0.0023615058070564176,0.04198265516114906,0.24949849279307293,0.041982976054417226,-0.061052461936524735,0.053676072611896455,-0.21912377346918585,-0.023982995555698137,0.01971872126954589,0.4704252468877093,-0.00991045568960483,-0.20233238944195608,0.297165578184385,0.3675111066508666,-0.010941867513269601,0.04121745067788589,0.647716752366368,0.542799746112259,0.9999999999999993,0.0196800439700682,-0.003189942000927619,-0.0004912404778077973,-0.002772356267688618,-0.0005130185682555114,0.43122403779760304,0.5867542519020691,0.04198265976010647,-0.0412785316185196,-0.1949876456755568,-0.0005247584597826498,0.04198279268596386,-0.023630844902674444,0.23890932295772355,0.04419283977851375,0.04281307683976568,-0.26794703984463547,-0.07719012167266784,0.8744179442103096,-0.0002490087426776537,0.04430703945979116,-0.06264297527395644,0.0015558341713364575,-0.0003093821962515317,-0.041188478949711796,0.022924760531548526,0.04198260811388323,-0.03891219660873677,-0.20079948168479603,-0.01820480399671094,0.03048602507734549,0.13276145686529917,0.15858364512462153,-0.0017884350793324884,-0.006312495138855345,0.18625491252751636,0.02117470011682075,-0.43028576950683367,-0.3443742600858188,-0.22671572441262558
0.4747719609956555,0.000170915249116223,0.47477196308992664,-0.00018632050439032103,0.4747719948626453,-4.918801854742173e-05,5.992690936752521e-05,-0.0009147017803593915,-1.906135885306654e-06,0.9999999916458788,0.025217696760289347,-5.1239597757554164e-05,0.06396140911915614,7.4595622024172734e-06,0.009119142416779415,-2.142327716307632e-06,0.4694840227547919,-4.629451042446463e-05,0.04851281154885896,0.0196800439700682,0.9999999999999993,0.00017057617241302415,0.8800384389981563,0.0005188619400040665,0.879948641484369,0.009478571139796745,0.015701547270912105,0.4747719630450813,-0.47294347258841624,0.0562319546572034,0.8799486444051158,0.47477197419666284,-1.96009137636391e-06,1.0592324311648916e-05,0.003455181227490489,0.004043278261668674,0.05766952502057569,0.06301010590147241,0.019430799902815578,0.8801118589490969,0.00421547832030883,-0.0004461996315359705,-0.00014106860506392697,0.8801085454498069,-0.47289135878369243,0.0032064327230264277,0.47477197408233324,0.0014237464365199624,-0.0005557919741597732,0.015222723719003343,0.003425891057669766,0.005250823181250681,0.00015248107745287055,0.00017232417833503425,-0.00042263209499972503,0.009212771807298703,0.0033146953685832324,-0.00036671057227269507,-0.0003508862308054152,-0.2697990001020269
9.274930453236902e-08,0.999968642516356,1.5086933362090813e-05,-0.0029824607467895566,7.971146804954127e-08,0.00013175753007174892,0.0001257214936377234,-0.0007569041583676337,6.21507595415289e-05,0.00017029871971321496,-0.003031824557267169,-0.0008174245993893301,-0.07933575340955859,0.14255700428785964,-0.0016188816201910348,0.00985311638378786,0.12400761079325019,-0.002952968783356426,-0.06254654393386783,-0.003189942000927619,0.00017057617241302415,1.0,0.00018078438405115565,0.999953896858457,0.014364510984158698,-0.0015320412415444236,-0.0028310064445428527,1.5086900975425444e-05,-1.2170092651265236e-05,-0.21373162563382808,0.014364792601872827,-1.535267207179809e-08,0.0020177405171463744,-0.004555642366810037,-0.0001285824964719391,0.006149075640352766,-0.07171389016739482,-0.07745095421784963,-0.003953067763889406,0.00018550924736696932,-0.0005992395512111991,-0.00013040696304083684,-0.0037454380598999143,0.00018521006898115138,0.00015754459375542668,-0.0011252131766616904,-1.4538161861244742e-08,0.0008779758249125016,0.058705806395503955,-0.014560845177566843,-0.0005550675852150159,0.008961986228590294,0.008340911122493124,0.999962119790885,-0.0011076394084557888,0.006852072958518044,-0.00020609279387018707,0.005973851686798221,0.004268443580085682,0.002414281515520737
3.670908430755485e-07,0.00018131293057227783,3.69244843778421e-07,-0.0001907087320890188,3.665180993879997e-07,9.979561777122165e-05,0.00016058977169188248,-0.0011426743101457637,-1.766151155629339e-06,0.8800384522684543,-0.0010408940532546332,-3.446041393121517e-05,0.0737461494877691,9.270030390720418e-06,-6.963147247673925e-05,-1.8385119909791583e-05,-0.0018454660744259721,-0.00025514615118279923,0.055801012338197724,-0.0004912404778077973,0.8800384389981563,0.00018078438405115565,0.9999999999999987,0.0005818023602548629,0.9998982205863567,-0.00015045775525217143,-9.29409293588484e-05,3.6915775226044823e-07,0.0018630331101315825,0.06481017369215408,0.9998982226242641,3.822105859571712e-07,3.1653473868835186e-06,-0.00017445408305236056,7.016846555339617e-06,-1.0142557796145777e-05,0.06659222154611448,0.07271468068428079,-0.0004962296995553934,0.9999302193265587,-4.7524945912216875e-05,-0.0005324080635841661,-0.0003040747920511845,0.9999317124006876,0.0018654304602679073,-9.273714289053135e-05,3.821144509262175e-07,0.002019660530290082,-0.0005896188055896848,0.018169485575210153,-3.434299117183811e-05,2.9509888158097975e-05,0.0001413570470835629,0.0001831989091028799,-0.0005617826183346852,-0.00011567289773289394,-3.140160453633499e-05,-0.00014186392986076065,-0.00017206184926641077,0.0007996570662920042
-6.163376482483727e-06,0.9999281760424861,8.830708781324516e-06,-0.003263970385923043,-6.17705715488803e-06,0.0001130784552801956,5.665142564351507e-05,-0.0009289684784326597,6.688268608265357e-05,0.0005185525253002456,-0.0017319090042019099,-0.0007804448814215044,-0.07800618788416619,0.14241552806456365,-0.0019583496627319616,0.009345904930299995,0.12400055346843833,-0.003666749741431519,-0.06210961649660371,-0.002772356267688618,0.0005188619400040665,0.999953896858457,0.0005818023602548629,1.0000000000000009,0.014764938683186601,-0.0018640552004370345,-0.0032752429824028577,8.830673768190964e-06,-5.702465587373815e-06,-0.21205203515586293,0.014765144308443126,-6.271541310680286e-06,0.002031680669177695,-0.0052005657914378466,-0.00013745054210750467,0.006159765241753822,-0.06898993576096014,-0.07739725593367182,-0.0034515996969542236,0.0005846097956339652,-0.0005987505562855367,-0.0012427490524104653,-0.004250257412254266,0.0005842589624969075,0.000167114738807131,-0.0011895913172265376,-6.270520337778463e-06,0.0007993197527506681,0.058621582934417195,-0.013049416272301127,-0.000579842491956408,0.008256377347401669,0.007898811596391506,0.9999157059764844,-0.0010717859675923964,0.006280720661613318,-1.3288859162629566e-06,0.005415358787515978,0.0037205534028571198,0.0021653951537608245
3.6836652871603603e-07,0.014365470812263758,5.832071821744679e-07,-0.00023112755695186253,3.6764226894493894e-07,0.00010100041847228557,0.00016550603889729088,-0.001204711170553792,-1.145785398108102e-06,0.8799486538852732,-0.0010812926089204871,-5.320695608000261e-05,0.07255705471863275,0.002049056329397162,-8.428769887530098e-05,0.00012021030796908516,-8.634859812694739e-05,-0.00029782443094025237,0.054892136888897325,-0.0005130185682555114,0.879948641484369,0.014364510984158698,0.9998982205863567,0.014764938683186601,1.0000000000000007,-0.0001640287268503727,-0.00011475781719880916,5.831183671354952e-07,0.001862675336641661,0.06169467789916673,0.9999999939022326,3.819533878951592e-07,3.229082933471977e-05,-0.00024369371670576343,7.234848063169425e-06,7.987506527630906e-05,0.06552211957582421,0.07156274186567418,-0.0005314657642088487,0.9998281805743201,-5.518184172730872e-05,-0.0005720811324198979,-0.0003719322991142305,0.9998296737501822,0.001867540645661126,-0.00011005360544305233,3.818619561721478e-07,0.002030996017181497,0.00022861290810774146,0.017950618092084772,-4.188908560916632e-05,0.00015326808743893895,0.00026594098188394816,0.014367279756530831,-0.0005927211158643337,-1.632913216531074e-05,-3.591820983466502e-05,-4.6411766674281745e-05,-0.00010399575306004056,0.0008386715244072827
0.02007877656148447,-0.0017173347199533572,0.02007891185276871,0.12250479446369783,0.020079452290904506,0.5649799569680454,0.4760162883724578,-0.1983108637588474,0.008997113456624153,0.009502241476182267,0.08373736523332473,0.35916004538398505,-0.1655622159199703,0.14736669511652112,0.9529704196981948,-0.007879008987555154,0.01948144080442502,0.416708397929558,0.3522360464767856,0.43122403779760304,0.009478571139796745,-0.0015320412415444236,-0.00015045775525217143,-0.0018640552004370345,-0.0001640287268503727,0.9999999999999999,0.5644553524242513,0.020078726824369574,-0.019734341373985862,-0.13846790473404455,-0.00016159201867103768,0.02007883538302039,-0.011584224623728758,0.6864593183097416,0.0253533193952959,0.021130760661841518,-0.18806205610421434,-0.009216784126529234,0.42652778424613214,-5.1731234272127505e-05,0.07138176437003915,-0.019692514535849637,0.5195164797075501,-7.444948359920844e-05,-0.0196290635847674,0.1245863214064835,0.020078707904468907,-0.004991559552811588,-0.13871276264037347,-0.002496455571902507,0.013823798712215616,0.07985299416938417,0.3995826452319323,-0.0009939756421272704,-0.009621973798772842,0.3907316152588214,0.007283278375937129,-0.22990182559067332,-0.1930783103983701,-0.11734616807073903
0.03308483936185429,-0.0027885865507518994,0.033084733137072976,0.4017953110302332,0.03308519871766081,0.12891385666453167,0.20297031367467433,-0.3286708690970056,-0.013575319491272504,0.015765790930479178,-0.09509737848995181,0.11177278440813918,-0.26628731411582685,0.24310130604427227,0.6517915604710236,0.015925912910696605,0.031794021310944574,0.7744443429157104,0.6646746103310429,0.5867542519020691,0.015701547270912105,-0.0028310064445428527,-9.29409293588484e-05,-0.0032752429824028577,-0.00011475781719880916,0.5644553524242513,0.9999999999999996,0.03308469271431056,-0.03269905711149918,-0.20677488916365505,-0.00011575504575846386,0.03308490910970458,-0.01874809179190129,0.15113854351740952,0.05042527506883011,0.03098294168629679,-0.3621370707512649,-0.04246010207727638,0.588347867563618,1.0481338880750903e-05,0.02995932768982944,-0.019049409582453436,-0.14849066886203027,-9.73333991375907e-06,-0.03242140432922108,-0.008099655364114462,0.033084670349678096,0.02554933752646505,-0.21504407932070801,0.015374114433121009,0.017308507423094165,0.1402604814250519,0.21741948527808486,-0.001509920834531741,-0.02473097058925353,0.1614916683131407,0.010613019986314353,-0.38562378854163015,-0.37022086184304315,-0.2279291192839113
0.9999999998867547,1.508671415153844e-05,0.9999999999999245,3.894548142849341e-08,0.9999999998317123,-2.550830790878579e-09,1.2345720406449521e-08,-1.8707420209246465e-07,3.4749347475726604e-09,0.4747719434535407,0.05482313074952283,-1.6310066942772442e-08,-0.0011424903593547405,2.1442326446630417e-06,0.019224222034608145,1.666569135577862e-07,0.9922762089550516,-1.7498469177312576e-08,-0.0008585525430127483,0.04198265976010647,0.4747719630450813,1.5086900975425444e-05,3.6915775226044823e-07,8.830673768190964e-06,5.831183671354952e-07,0.020078726824369574,0.03308469271431056,1.0000000000000153,-0.9997591422762887,-0.0010186014383059827,5.831184236917524e-07,0.9999999998854089,3.361067101281839e-08,0.00024711149094207963,5.165371651902383e-09,0.0016057537766761174,-0.001031820030486028,-0.0011208027066977179,0.04150152810728524,7.069803910458957e-06,0.0016936698898947246,-4.206477807701144e-08,0.0002461329505613585,3.098808772127327e-07,-0.9996714185027709,-1.0355801586464236e-05,0.9999999998854386,3.954221592281434e-08,8.359719871509876e-07,-0.00022673166882071193,-1.1807840113770347e-05,0.010972150436332574,6.718143757487185e-05,1.5087099203967784e-05,-8.208050136845391e-08,0.019557989991376413,-8.137001599161229e-10,5.69945626336581e-08,-4.6077197168356986e-08,-0.569565278924001
-0.9997591425108735,-1.2320005022823106e-05,-0.9997591424336845,-0.00028693317365045324,-0.9997589256504628,-0.00057849274473772,-0.00045391145221153665,-0.00015592022628563992,-2.966097241873318e-06,-0.4729434908565649,-0.05485944765877786,-1.241719832724155e-05,0.0011991011924876022,2.9980248012341845e-05,-0.018964621937824836,8.08648685781137e-05,-0.9920382392744063,0.0008554918662527712,0.001745646465390393,-0.0412785316185196,-0.47294347258841624,-1.2170092651265236e-05,0.0018630331101315825,-5.702465587373815e-06,0.001862675336641661,-0.019734341373985862,-0.03269905711149918,-0.9997591422762887,1.0000000000000024,0.0007952035021923668,0.0018626773476870288,-0.9997591423153783,-1.3482752032596973e-05,0.00019012416304792386,0.021784847698255606,0.019175934733323456,0.0004014133320763304,0.0010566540240805596,-0.04088139488212374,0.0019372136426030284,0.0200939264790849,-0.00018525286688091922,-9.642922363482508e-05,0.001943922501610395,0.9999608436234002,0.02072069491167964,-0.9997591425385229,-0.00045579756795895366,-0.00042709997475669687,-0.0001772874510344492,0.021852476630054563,-0.010882443650418627,-7.104571015278017e-06,-1.2643081739959403e-05,-1.574514980825376e-05,-0.019454529037698464,0.02101745821781981,-0.0017027015863788617,-0.00141739749919498,0.5686356784604689
-0.0010154093556450792,-0.21420296297030866,-0.0010186031377999827,-0.024229127165897056,-0.0010158359668016035,0.013339448693118223,-0.012874644057944393,0.6206111679320784,-0.00024848980941292846,0.05619543100549629,0.19738273541927248,0.03422419246279266,0.7196777414591651,-0.05225894336414818,-0.14694586719652897,-0.035400249738758646,-0.02745045838222333,-0.08584871589761407,0.1344774314917931,-0.1949876456755568,0.0562319546572034,-0.21373162563382808,0.06481017369215408,-0.21205203515586293,0.06169467789916673,-0.13846790473404455,-0.20677488916365505,-0.0010186014383059827,0.0007952035021923668,1.0,0.06170090664776244,-0.001015272559638482,-0.0016455103538403919,-0.02856947324583559,-0.033970616055767906,-0.0424158285891061,0.6423094823633467,0.4417543703686752,-0.15381380135166572,0.06445647218796349,-0.01757446562638782,0.23885564723298292,0.1073126133665355,0.06446894010278156,6.606982006700986e-05,0.0009808815608754024,-0.001015166211837903,-0.006927880000439506,0.3421759591281763,0.08268476493137383,-0.016060502452887523,-0.09763785452954724,-0.12722695993776514,-0.215474845864308,0.17873979137919394,-0.10060931509145371,-0.014406431824972943,0.15880591103527192,0.13312556292977112,0.08250691045019702
3.6837031373068665e-07,0.014364884472114153,5.832072174093817e-07,-0.0002319598384463106,3.6764615397536596e-07,0.00010216905360839254,0.00016529157104161268,-0.0012068874279317805,-9.066540620393318e-07,0.8799486569804197,-0.0011028323900657431,-4.838879604689637e-05,0.07255965565057645,0.0020491433485153795,-8.054195487843016e-05,0.00011915990978864068,-8.636131638950958e-05,-0.00029223758590486677,0.054900367321075276,-0.0005247584597826498,0.8799486444051158,0.014364792601872827,0.9998982226242641,0.014765144308443126,0.9999999939022326,-0.00016159201867103768,-0.00011575504575846386,5.831184236917524e-07,0.0018626773476870288,0.06170090664776244,1.0000000000000007,3.8195890655342503e-07,3.218704647885866e-05,-0.00023727624592556553,7.307125924147276e-06,7.909335401603125e-05,0.06552183141385985,0.0715742654545024,-0.0005422945296760646,0.9998281876072288,-5.543648078650438e-05,-0.0005582242943497382,-0.0003677876559896663,0.9998296810861869,0.0018675280580416845,-0.00010985511403155315,3.8186600727135445e-07,0.002031123134416349,0.00022680593073164153,0.017958810082436827,-4.18637655228463e-05,0.0001592300081434379,0.0002636584054904348,0.014366772142866514,-0.0005966923197453797,-1.3895170537677006e-05,-3.353829440207811e-05,-6.196720950470822e-05,-0.0001153204395391846,0.0008315663090211238
